,Market_ID,Market_Name,Market_URL,Contract_ID,Contract_Name,bestBuyYesCost,bestBuyNoCost,BestSellYesCost,BestSellNoCost,Time_Stamp,Status
0,6789,Which party will win the 2020 House race in Iowa's 2nd District?,https://www.predictit.org/markets/detail/6789/Which-party-will-win-the-2020-House-race-in-Iowa's-2nd-District,23208,Democratic,0.68,0.34,0.66,0.32,09/10/2020 21:06:11,Open
1,6789,Which party will win the 2020 House race in Iowa's 2nd District?,https://www.predictit.org/markets/detail/6789/Which-party-will-win-the-2020-House-race-in-Iowa's-2nd-District,23208,Democratic,0.68,0.34,0.66,0.32,09/10/2020 21:07:18,Open
2,6789,Which party will win the 2020 House race in Iowa's 2nd District?,https://www.predictit.org/markets/detail/6789/Which-party-will-win-the-2020-House-race-in-Iowa's-2nd-District,23208,Democratic,0.68,0.34,0.66,0.32,09/10/2020 21:08:19,Open
3,6789,Which party will win the 2020 House race in Iowa's 2nd District?,https://www.predictit.org/markets/detail/6789/Which-party-will-win-the-2020-House-race-in-Iowa's-2nd-District,23208,Democratic,0.68,0.34,0.66,0.32,09/11/2020 02:43:01,Open
4,6789,Which party will win the 2020 House race in Iowa's 2nd District?,https://www.predictit.org/markets/detail/6789/Which-party-will-win-the-2020-House-race-in-Iowa's-2nd-District,23208,Democratic,0.68,0.34,0.66,0.32,09/11/2020 02:44:03,Open
5,6789,Which party will win the 2020 House race in Iowa's 2nd District?,https://www.predictit.org/markets/detail/6789/Which-party-will-win-the-2020-House-race-in-Iowa's-2nd-District,23208,Democratic,0.68,0.34,0.66,0.32,09/11/2020 02:45:05,Open
6,6789,Which party will win the 2020 House race in Iowa's 2nd District?,https://www.predictit.org/markets/detail/6789/Which-party-will-win-the-2020-House-race-in-Iowa's-2nd-District,23208,Democratic,0.68,0.34,0.66,0.32,09/11/2020 02:54:59,Open
7,6789,Which party will win the 2020 House race in Iowa's 2nd District?,https://www.predictit.org/markets/detail/6789/Which-party-will-win-the-2020-House-race-in-Iowa's-2nd-District,23208,Democratic,0.68,0.34,0.66,0.32,09/11/2020 03:04:25,Open
8,6789,Which party will win the 2020 House race in Iowa's 2nd District?,https://www.predictit.org/markets/detail/6789/Which-party-will-win-the-2020-House-race-in-Iowa's-2nd-District,23208,Democratic,0.68,0.34,0.66,0.32,09/11/2020 03:05:53,Open
9,6789,Which party will win the 2020 House race in Iowa's 2nd District?,https://www.predictit.org/markets/detail/6789/Which-party-will-win-the-2020-House-race-in-Iowa's-2nd-District,23208,Democratic,0.68,0.34,0.66,0.32,09/11/2020 03:06:54,Open
10,6789,Which party will win the 2020 House race in Iowa's 2nd District?,https://www.predictit.org/markets/detail/6789/Which-party-will-win-the-2020-House-race-in-Iowa's-2nd-District,23208,Democratic,0.68,0.34,0.66,0.32,09/11/2020 03:07:56,Open
11,6789,Which party will win the 2020 House race in Iowa's 2nd District?,https://www.predictit.org/markets/detail/6789/Which-party-will-win-the-2020-House-race-in-Iowa's-2nd-District,23208,Democratic,0.68,0.34,0.66,0.32,09/11/2020 03:09:18,Open
12,6789,Which party will win the 2020 House race in Iowa's 2nd District?,https://www.predictit.org/markets/detail/6789/Which-party-will-win-the-2020-House-race-in-Iowa's-2nd-District,23208,Democratic,0.68,0.34,0.66,0.32,09/11/2020 03:10:38,Open
13,6789,Which party will win the 2020 House race in Iowa's 2nd District?,https://www.predictit.org/markets/detail/6789/Which-party-will-win-the-2020-House-race-in-Iowa's-2nd-District,23208,Democratic,0.68,0.34,0.66,0.32,09/11/2020 03:13:28,Open
14,6789,Which party will win the 2020 House race in Iowa's 2nd District?,https://www.predictit.org/markets/detail/6789/Which-party-will-win-the-2020-House-race-in-Iowa's-2nd-District,23208,Democratic,0.68,0.34,0.66,0.32,09/11/2020 03:14:31,Open
15,6789,Which party will win the 2020 House race in Iowa's 2nd District?,https://www.predictit.org/markets/detail/6789/Which-party-will-win-the-2020-House-race-in-Iowa's-2nd-District,23208,Democratic,0.68,0.34,0.66,0.32,09/11/2020 03:15:32,Open
16,6789,Which party will win the 2020 House race in Iowa's 2nd District?,https://www.predictit.org/markets/detail/6789/Which-party-will-win-the-2020-House-race-in-Iowa's-2nd-District,23208,Democratic,0.68,0.34,0.66,0.32,09/11/2020 03:16:34,Open
17,6789,Which party will win the 2020 House race in Iowa's 2nd District?,https://www.predictit.org/markets/detail/6789/Which-party-will-win-the-2020-House-race-in-Iowa's-2nd-District,23208,Democratic,0.68,0.34,0.66,0.32,09/11/2020 03:17:36,Open
18,6789,Which party will win the 2020 House race in Iowa's 2nd District?,https://www.predictit.org/markets/detail/6789/Which-party-will-win-the-2020-House-race-in-Iowa's-2nd-District,23208,Democratic,0.68,0.34,0.66,0.32,09/11/2020 03:18:53,Open
19,6789,Which party will win the 2020 House race in Iowa's 2nd District?,https://www.predictit.org/markets/detail/6789/Which-party-will-win-the-2020-House-race-in-Iowa's-2nd-District,23208,Democratic,0.68,0.34,0.66,0.32,09/11/2020 03:20:15,Open
20,6789,Which party will win the 2020 House race in Iowa's 2nd District?,https://www.predictit.org/markets/detail/6789/Which-party-will-win-the-2020-House-race-in-Iowa's-2nd-District,23208,Democratic,0.68,0.34,0.66,0.32,09/11/2020 03:21:36,Open
21,6789,Which party will win the 2020 House race in Iowa's 2nd District?,https://www.predictit.org/markets/detail/6789/Which-party-will-win-the-2020-House-race-in-Iowa's-2nd-District,23208,Democratic,0.68,0.34,0.66,0.32,09/11/2020 03:22:57,Open
22,6789,Which party will win the 2020 House race in Iowa's 2nd District?,https://www.predictit.org/markets/detail/6789/Which-party-will-win-the-2020-House-race-in-Iowa's-2nd-District,23208,Democratic,0.68,0.34,0.66,0.32,09/11/2020 03:24:19,Open
23,6789,Which party will win the 2020 House race in Iowa's 2nd District?,https://www.predictit.org/markets/detail/6789/Which-party-will-win-the-2020-House-race-in-Iowa's-2nd-District,23208,Democratic,0.68,0.34,0.66,0.32,09/11/2020 03:25:41,Open
24,6789,Which party will win the 2020 House race in Iowa's 2nd District?,https://www.predictit.org/markets/detail/6789/Which-party-will-win-the-2020-House-race-in-Iowa's-2nd-District,23208,Democratic,0.68,0.34,0.66,0.32,09/11/2020 03:27:04,Open
25,6789,Which party will win the 2020 House race in Iowa's 2nd District?,https://www.predictit.org/markets/detail/6789/Which-party-will-win-the-2020-House-race-in-Iowa's-2nd-District,23208,Democratic,0.68,0.34,0.66,0.32,09/11/2020 03:28:26,Open
26,6789,Which party will win the 2020 House race in Iowa's 2nd District?,https://www.predictit.org/markets/detail/6789/Which-party-will-win-the-2020-House-race-in-Iowa's-2nd-District,23208,Democratic,0.68,0.34,0.66,0.32,09/11/2020 03:29:46,Open
27,6789,Which party will win the 2020 House race in Iowa's 2nd District?,https://www.predictit.org/markets/detail/6789/Which-party-will-win-the-2020-House-race-in-Iowa's-2nd-District,23208,Democratic,0.68,0.34,0.66,0.32,09/11/2020 03:31:10,Open
28,6789,Which party will win the 2020 House race in Iowa's 2nd District?,https://www.predictit.org/markets/detail/6789/Which-party-will-win-the-2020-House-race-in-Iowa's-2nd-District,23208,Democratic,0.68,0.34,0.66,0.32,09/11/2020 03:32:39,Open
29,6789,Which party will win the 2020 House race in Iowa's 2nd District?,https://www.predictit.org/markets/detail/6789/Which-party-will-win-the-2020-House-race-in-Iowa's-2nd-District,23208,Democratic,0.68,0.34,0.66,0.32,09/11/2020 03:34:02,Open
30,6789,Which party will win the 2020 House race in Iowa's 2nd District?,https://www.predictit.org/markets/detail/6789/Which-party-will-win-the-2020-House-race-in-Iowa's-2nd-District,23208,Democratic,0.68,0.34,0.66,0.32,09/11/2020 03:35:33,Open
31,6789,Which party will win the 2020 House race in Iowa's 2nd District?,https://www.predictit.org/markets/detail/6789/Which-party-will-win-the-2020-House-race-in-Iowa's-2nd-District,23208,Democratic,0.68,0.34,0.66,0.32,09/11/2020 03:36:56,Open
32,6789,Which party will win the 2020 House race in Iowa's 2nd District?,https://www.predictit.org/markets/detail/6789/Which-party-will-win-the-2020-House-race-in-Iowa's-2nd-District,23208,Democratic,0.68,0.34,0.66,0.32,09/11/2020 03:38:18,Open
33,6789,Which party will win the 2020 House race in Iowa's 2nd District?,https://www.predictit.org/markets/detail/6789/Which-party-will-win-the-2020-House-race-in-Iowa's-2nd-District,23208,Democratic,0.68,0.34,0.66,0.32,09/11/2020 03:39:41,Open
34,6789,Which party will win the 2020 House race in Iowa's 2nd District?,https://www.predictit.org/markets/detail/6789/Which-party-will-win-the-2020-House-race-in-Iowa's-2nd-District,23208,Democratic,0.68,0.34,0.66,0.32,09/11/2020 03:41:03,Open
35,6789,Which party will win the 2020 House race in Iowa's 2nd District?,https://www.predictit.org/markets/detail/6789/Which-party-will-win-the-2020-House-race-in-Iowa's-2nd-District,23208,Democratic,0.68,0.34,0.66,0.32,09/11/2020 03:42:33,Open
36,6789,Which party will win the 2020 House race in Iowa's 2nd District?,https://www.predictit.org/markets/detail/6789/Which-party-will-win-the-2020-House-race-in-Iowa's-2nd-District,23208,Democratic,0.68,0.34,0.66,0.32,09/11/2020 03:43:58,Open
37,6789,Which party will win the 2020 House race in Iowa's 2nd District?,https://www.predictit.org/markets/detail/6789/Which-party-will-win-the-2020-House-race-in-Iowa's-2nd-District,23208,Democratic,0.68,0.34,0.66,0.32,09/11/2020 03:45:20,Open
38,6789,Which party will win the 2020 House race in Iowa's 2nd District?,https://www.predictit.org/markets/detail/6789/Which-party-will-win-the-2020-House-race-in-Iowa's-2nd-District,23208,Democratic,0.68,0.34,0.66,0.32,09/11/2020 03:46:44,Open
39,6789,Which party will win the 2020 House race in Iowa's 2nd District?,https://www.predictit.org/markets/detail/6789/Which-party-will-win-the-2020-House-race-in-Iowa's-2nd-District,23208,Democratic,0.68,0.34,0.66,0.32,09/11/2020 03:48:10,Open
40,6789,Which party will win the 2020 House race in Iowa's 2nd District?,https://www.predictit.org/markets/detail/6789/Which-party-will-win-the-2020-House-race-in-Iowa's-2nd-District,23208,Democratic,0.68,0.34,0.66,0.32,09/11/2020 03:49:35,Open
41,6789,Which party will win the 2020 House race in Iowa's 2nd District?,https://www.predictit.org/markets/detail/6789/Which-party-will-win-the-2020-House-race-in-Iowa's-2nd-District,23208,Democratic,0.68,0.34,0.66,0.32,09/11/2020 03:50:58,Open
42,6789,Which party will win the 2020 House race in Iowa's 2nd District?,https://www.predictit.org/markets/detail/6789/Which-party-will-win-the-2020-House-race-in-Iowa's-2nd-District,23208,Democratic,0.68,0.34,0.66,0.32,09/11/2020 03:52:25,Open
43,6789,Which party will win the 2020 House race in Iowa's 2nd District?,https://www.predictit.org/markets/detail/6789/Which-party-will-win-the-2020-House-race-in-Iowa's-2nd-District,23208,Democratic,0.68,0.34,0.66,0.32,09/11/2020 03:53:48,Open
44,6789,Which party will win the 2020 House race in Iowa's 2nd District?,https://www.predictit.org/markets/detail/6789/Which-party-will-win-the-2020-House-race-in-Iowa's-2nd-District,23208,Democratic,0.68,0.34,0.66,0.32,09/11/2020 03:55:11,Open
45,6789,Which party will win the 2020 House race in Iowa's 2nd District?,https://www.predictit.org/markets/detail/6789/Which-party-will-win-the-2020-House-race-in-Iowa's-2nd-District,23208,Democratic,0.68,0.34,0.66,0.32,09/11/2020 03:56:47,Open
46,6789,Which party will win the 2020 House race in Iowa's 2nd District?,https://www.predictit.org/markets/detail/6789/Which-party-will-win-the-2020-House-race-in-Iowa's-2nd-District,23208,Democratic,0.68,0.34,0.66,0.32,09/11/2020 03:58:39,Open
47,6789,Which party will win the 2020 House race in Iowa's 2nd District?,https://www.predictit.org/markets/detail/6789/Which-party-will-win-the-2020-House-race-in-Iowa's-2nd-District,23208,Democratic,0.68,0.34,0.66,0.32,09/11/2020 04:00:01,Open
48,6789,Which party will win the 2020 House race in Iowa's 2nd District?,https://www.predictit.org/markets/detail/6789/Which-party-will-win-the-2020-House-race-in-Iowa's-2nd-District,23208,Democratic,0.68,0.34,0.66,0.32,09/11/2020 04:01:25,Open
49,6789,Which party will win the 2020 House race in Iowa's 2nd District?,https://www.predictit.org/markets/detail/6789/Which-party-will-win-the-2020-House-race-in-Iowa's-2nd-District,23208,Democratic,0.68,0.34,0.66,0.32,09/11/2020 04:02:50,Open
50,6789,Which party will win the 2020 House race in Iowa's 2nd District?,https://www.predictit.org/markets/detail/6789/Which-party-will-win-the-2020-House-race-in-Iowa's-2nd-District,23208,Democratic,0.68,0.34,0.66,0.32,09/11/2020 04:04:25,Open
51,6789,Which party will win the 2020 House race in Iowa's 2nd District?,https://www.predictit.org/markets/detail/6789/Which-party-will-win-the-2020-House-race-in-Iowa's-2nd-District,23208,Democratic,0.68,0.34,0.66,0.32,09/11/2020 04:05:51,Open
52,6789,Which party will win the 2020 House race in Iowa's 2nd District?,https://www.predictit.org/markets/detail/6789/Which-party-will-win-the-2020-House-race-in-Iowa's-2nd-District,23208,Democratic,0.68,0.34,0.66,0.32,09/11/2020 04:07:15,Open
53,6789,Which party will win the 2020 House race in Iowa's 2nd District?,https://www.predictit.org/markets/detail/6789/Which-party-will-win-the-2020-House-race-in-Iowa's-2nd-District,23208,Democratic,0.68,0.34,0.66,0.32,09/11/2020 04:08:39,Open
54,6789,Which party will win the 2020 House race in Iowa's 2nd District?,https://www.predictit.org/markets/detail/6789/Which-party-will-win-the-2020-House-race-in-Iowa's-2nd-District,23208,Democratic,0.68,0.34,0.66,0.32,09/11/2020 04:10:10,Open
55,6789,Which party will win the 2020 House race in Iowa's 2nd District?,https://www.predictit.org/markets/detail/6789/Which-party-will-win-the-2020-House-race-in-Iowa's-2nd-District,23208,Democratic,0.68,0.34,0.66,0.32,09/11/2020 04:11:34,Open
56,6789,Which party will win the 2020 House race in Iowa's 2nd District?,https://www.predictit.org/markets/detail/6789/Which-party-will-win-the-2020-House-race-in-Iowa's-2nd-District,23208,Democratic,0.68,0.34,0.66,0.32,09/11/2020 04:12:56,Open
57,6789,Which party will win the 2020 House race in Iowa's 2nd District?,https://www.predictit.org/markets/detail/6789/Which-party-will-win-the-2020-House-race-in-Iowa's-2nd-District,23208,Democratic,0.68,0.34,0.66,0.32,09/11/2020 04:14:22,Open
58,6789,Which party will win the 2020 House race in Iowa's 2nd District?,https://www.predictit.org/markets/detail/6789/Which-party-will-win-the-2020-House-race-in-Iowa's-2nd-District,23208,Democratic,0.68,0.34,0.66,0.32,09/11/2020 04:15:52,Open
59,6789,Which party will win the 2020 House race in Iowa's 2nd District?,https://www.predictit.org/markets/detail/6789/Which-party-will-win-the-2020-House-race-in-Iowa's-2nd-District,23208,Democratic,0.68,0.34,0.66,0.32,09/11/2020 04:17:16,Open
60,6789,Which party will win the 2020 House race in Iowa's 2nd District?,https://www.predictit.org/markets/detail/6789/Which-party-will-win-the-2020-House-race-in-Iowa's-2nd-District,23208,Democratic,0.68,0.34,0.66,0.32,09/11/2020 04:18:39,Open
61,6789,Which party will win the 2020 House race in Iowa's 2nd District?,https://www.predictit.org/markets/detail/6789/Which-party-will-win-the-2020-House-race-in-Iowa's-2nd-District,23208,Democratic,0.68,0.34,0.66,0.32,09/11/2020 04:20:15,Open
62,6789,Which party will win the 2020 House race in Iowa's 2nd District?,https://www.predictit.org/markets/detail/6789/Which-party-will-win-the-2020-House-race-in-Iowa's-2nd-District,23208,Democratic,0.68,0.34,0.66,0.32,09/11/2020 04:21:38,Open
63,6789,Which party will win the 2020 House race in Iowa's 2nd District?,https://www.predictit.org/markets/detail/6789/Which-party-will-win-the-2020-House-race-in-Iowa's-2nd-District,23208,Democratic,0.68,0.34,0.66,0.32,09/11/2020 04:23:01,Open
64,6789,Which party will win the 2020 House race in Iowa's 2nd District?,https://www.predictit.org/markets/detail/6789/Which-party-will-win-the-2020-House-race-in-Iowa's-2nd-District,23208,Democratic,0.68,0.34,0.66,0.32,09/11/2020 04:24:25,Open
65,6789,Which party will win the 2020 House race in Iowa's 2nd District?,https://www.predictit.org/markets/detail/6789/Which-party-will-win-the-2020-House-race-in-Iowa's-2nd-District,23208,Democratic,0.68,0.34,0.66,0.32,09/11/2020 04:26:00,Open
66,6789,Which party will win the 2020 House race in Iowa's 2nd District?,https://www.predictit.org/markets/detail/6789/Which-party-will-win-the-2020-House-race-in-Iowa's-2nd-District,23208,Democratic,0.68,0.34,0.66,0.32,09/11/2020 04:27:24,Open
67,6789,Which party will win the 2020 House race in Iowa's 2nd District?,https://www.predictit.org/markets/detail/6789/Which-party-will-win-the-2020-House-race-in-Iowa's-2nd-District,23208,Democratic,0.68,0.34,0.66,0.32,09/11/2020 04:28:48,Open
68,6789,Which party will win the 2020 House race in Iowa's 2nd District?,https://www.predictit.org/markets/detail/6789/Which-party-will-win-the-2020-House-race-in-Iowa's-2nd-District,23208,Democratic,0.68,0.34,0.66,0.32,09/11/2020 04:30:13,Open
69,6789,Which party will win the 2020 House race in Iowa's 2nd District?,https://www.predictit.org/markets/detail/6789/Which-party-will-win-the-2020-House-race-in-Iowa's-2nd-District,23208,Democratic,0.68,0.34,0.66,0.32,09/11/2020 04:31:48,Open
70,6789,Which party will win the 2020 House race in Iowa's 2nd District?,https://www.predictit.org/markets/detail/6789/Which-party-will-win-the-2020-House-race-in-Iowa's-2nd-District,23208,Democratic,0.68,0.34,0.66,0.32,09/11/2020 04:33:12,Open
71,6789,Which party will win the 2020 House race in Iowa's 2nd District?,https://www.predictit.org/markets/detail/6789/Which-party-will-win-the-2020-House-race-in-Iowa's-2nd-District,23208,Democratic,0.68,0.34,0.66,0.32,09/11/2020 04:34:36,Open
72,6789,Which party will win the 2020 House race in Iowa's 2nd District?,https://www.predictit.org/markets/detail/6789/Which-party-will-win-the-2020-House-race-in-Iowa's-2nd-District,23208,Democratic,0.68,0.34,0.66,0.32,09/11/2020 04:36:08,Open
73,6789,Which party will win the 2020 House race in Iowa's 2nd District?,https://www.predictit.org/markets/detail/6789/Which-party-will-win-the-2020-House-race-in-Iowa's-2nd-District,23208,Democratic,0.68,0.34,0.66,0.32,09/11/2020 04:37:33,Open
74,6789,Which party will win the 2020 House race in Iowa's 2nd District?,https://www.predictit.org/markets/detail/6789/Which-party-will-win-the-2020-House-race-in-Iowa's-2nd-District,23208,Democratic,0.68,0.34,0.66,0.32,09/11/2020 04:39:00,Open
75,6789,Which party will win the 2020 House race in Iowa's 2nd District?,https://www.predictit.org/markets/detail/6789/Which-party-will-win-the-2020-House-race-in-Iowa's-2nd-District,23208,Democratic,0.68,0.34,0.66,0.32,09/11/2020 04:40:26,Open
76,6789,Which party will win the 2020 House race in Iowa's 2nd District?,https://www.predictit.org/markets/detail/6789/Which-party-will-win-the-2020-House-race-in-Iowa's-2nd-District,23208,Democratic,0.68,0.34,0.66,0.32,09/11/2020 04:41:55,Open
77,6789,Which party will win the 2020 House race in Iowa's 2nd District?,https://www.predictit.org/markets/detail/6789/Which-party-will-win-the-2020-House-race-in-Iowa's-2nd-District,23208,Democratic,0.68,0.34,0.66,0.32,09/11/2020 04:43:21,Open
78,6789,Which party will win the 2020 House race in Iowa's 2nd District?,https://www.predictit.org/markets/detail/6789/Which-party-will-win-the-2020-House-race-in-Iowa's-2nd-District,23208,Democratic,0.68,0.34,0.66,0.32,09/11/2020 04:44:45,Open
79,6789,Which party will win the 2020 House race in Iowa's 2nd District?,https://www.predictit.org/markets/detail/6789/Which-party-will-win-the-2020-House-race-in-Iowa's-2nd-District,23208,Democratic,0.68,0.34,0.66,0.32,09/11/2020 04:46:10,Open
80,6789,Which party will win the 2020 House race in Iowa's 2nd District?,https://www.predictit.org/markets/detail/6789/Which-party-will-win-the-2020-House-race-in-Iowa's-2nd-District,23208,Democratic,0.68,0.34,0.66,0.32,09/11/2020 04:47:35,Open
81,6789,Which party will win the 2020 House race in Iowa's 2nd District?,https://www.predictit.org/markets/detail/6789/Which-party-will-win-the-2020-House-race-in-Iowa's-2nd-District,23208,Democratic,0.68,0.34,0.66,0.32,09/11/2020 04:49:00,Open
82,6789,Which party will win the 2020 House race in Iowa's 2nd District?,https://www.predictit.org/markets/detail/6789/Which-party-will-win-the-2020-House-race-in-Iowa's-2nd-District,23208,Democratic,0.68,0.34,0.66,0.32,09/11/2020 04:50:25,Open
83,6789,Which party will win the 2020 House race in Iowa's 2nd District?,https://www.predictit.org/markets/detail/6789/Which-party-will-win-the-2020-House-race-in-Iowa's-2nd-District,23208,Democratic,0.68,0.34,0.66,0.32,09/11/2020 04:51:51,Open
84,6789,Which party will win the 2020 House race in Iowa's 2nd District?,https://www.predictit.org/markets/detail/6789/Which-party-will-win-the-2020-House-race-in-Iowa's-2nd-District,23208,Democratic,0.68,0.34,0.66,0.32,09/11/2020 04:53:15,Open
85,6789,Which party will win the 2020 House race in Iowa's 2nd District?,https://www.predictit.org/markets/detail/6789/Which-party-will-win-the-2020-House-race-in-Iowa's-2nd-District,23208,Democratic,0.68,0.34,0.66,0.32,09/11/2020 04:54:40,Open
86,6789,Which party will win the 2020 House race in Iowa's 2nd District?,https://www.predictit.org/markets/detail/6789/Which-party-will-win-the-2020-House-race-in-Iowa's-2nd-District,23208,Democratic,0.68,0.34,0.66,0.32,09/11/2020 04:56:05,Open
87,6789,Which party will win the 2020 House race in Iowa's 2nd District?,https://www.predictit.org/markets/detail/6789/Which-party-will-win-the-2020-House-race-in-Iowa's-2nd-District,23208,Democratic,0.68,0.34,0.66,0.32,09/11/2020 04:57:32,Open
88,6789,Which party will win the 2020 House race in Iowa's 2nd District?,https://www.predictit.org/markets/detail/6789/Which-party-will-win-the-2020-House-race-in-Iowa's-2nd-District,23208,Democratic,0.68,0.34,0.66,0.32,09/11/2020 04:58:57,Open
89,6789,Which party will win the 2020 House race in Iowa's 2nd District?,https://www.predictit.org/markets/detail/6789/Which-party-will-win-the-2020-House-race-in-Iowa's-2nd-District,23208,Democratic,0.68,0.34,0.66,0.32,09/11/2020 05:00:23,Open
90,6789,Which party will win the 2020 House race in Iowa's 2nd District?,https://www.predictit.org/markets/detail/6789/Which-party-will-win-the-2020-House-race-in-Iowa's-2nd-District,23208,Democratic,0.68,0.34,0.66,0.32,09/11/2020 05:01:48,Open
91,6789,Which party will win the 2020 House race in Iowa's 2nd District?,https://www.predictit.org/markets/detail/6789/Which-party-will-win-the-2020-House-race-in-Iowa's-2nd-District,23208,Democratic,0.68,0.34,0.66,0.32,09/11/2020 05:03:15,Open
92,6789,Which party will win the 2020 House race in Iowa's 2nd District?,https://www.predictit.org/markets/detail/6789/Which-party-will-win-the-2020-House-race-in-Iowa's-2nd-District,23208,Democratic,0.68,0.34,0.66,0.32,09/11/2020 05:04:40,Open
93,6789,Which party will win the 2020 House race in Iowa's 2nd District?,https://www.predictit.org/markets/detail/6789/Which-party-will-win-the-2020-House-race-in-Iowa's-2nd-District,23208,Democratic,0.68,0.34,0.66,0.32,09/11/2020 05:06:07,Open
94,6789,Which party will win the 2020 House race in Iowa's 2nd District?,https://www.predictit.org/markets/detail/6789/Which-party-will-win-the-2020-House-race-in-Iowa's-2nd-District,23208,Democratic,0.68,0.34,0.66,0.32,09/11/2020 05:07:32,Open
95,6789,Which party will win the 2020 House race in Iowa's 2nd District?,https://www.predictit.org/markets/detail/6789/Which-party-will-win-the-2020-House-race-in-Iowa's-2nd-District,23208,Democratic,0.68,0.34,0.66,0.32,09/11/2020 05:09:03,Open
96,6789,Which party will win the 2020 House race in Iowa's 2nd District?,https://www.predictit.org/markets/detail/6789/Which-party-will-win-the-2020-House-race-in-Iowa's-2nd-District,23208,Democratic,0.68,0.34,0.66,0.32,09/11/2020 05:10:30,Open
97,6789,Which party will win the 2020 House race in Iowa's 2nd District?,https://www.predictit.org/markets/detail/6789/Which-party-will-win-the-2020-House-race-in-Iowa's-2nd-District,23208,Democratic,0.68,0.34,0.66,0.32,09/11/2020 05:11:57,Open
98,6789,Which party will win the 2020 House race in Iowa's 2nd District?,https://www.predictit.org/markets/detail/6789/Which-party-will-win-the-2020-House-race-in-Iowa's-2nd-District,23208,Democratic,0.68,0.34,0.66,0.32,09/11/2020 05:13:24,Open
99,6789,Which party will win the 2020 House race in Iowa's 2nd District?,https://www.predictit.org/markets/detail/6789/Which-party-will-win-the-2020-House-race-in-Iowa's-2nd-District,23208,Democratic,0.68,0.34,0.66,0.32,09/11/2020 05:14:50,Open
100,6789,Which party will win the 2020 House race in Iowa's 2nd District?,https://www.predictit.org/markets/detail/6789/Which-party-will-win-the-2020-House-race-in-Iowa's-2nd-District,23208,Democratic,0.68,0.34,0.66,0.32,09/11/2020 05:16:14,Open
101,6789,Which party will win the 2020 House race in Iowa's 2nd District?,https://www.predictit.org/markets/detail/6789/Which-party-will-win-the-2020-House-race-in-Iowa's-2nd-District,23208,Democratic,0.68,0.34,0.66,0.32,09/11/2020 05:17:41,Open
102,6789,Which party will win the 2020 House race in Iowa's 2nd District?,https://www.predictit.org/markets/detail/6789/Which-party-will-win-the-2020-House-race-in-Iowa's-2nd-District,23208,Democratic,0.68,0.34,0.66,0.32,09/11/2020 05:19:06,Open
103,6789,Which party will win the 2020 House race in Iowa's 2nd District?,https://www.predictit.org/markets/detail/6789/Which-party-will-win-the-2020-House-race-in-Iowa's-2nd-District,23208,Democratic,0.68,0.34,0.66,0.32,09/11/2020 05:20:32,Open
104,6789,Which party will win the 2020 House race in Iowa's 2nd District?,https://www.predictit.org/markets/detail/6789/Which-party-will-win-the-2020-House-race-in-Iowa's-2nd-District,23208,Democratic,0.68,0.34,0.66,0.32,09/11/2020 05:22:00,Open
105,6789,Which party will win the 2020 House race in Iowa's 2nd District?,https://www.predictit.org/markets/detail/6789/Which-party-will-win-the-2020-House-race-in-Iowa's-2nd-District,23208,Democratic,0.68,0.34,0.66,0.32,09/11/2020 05:23:24,Open
106,6789,Which party will win the 2020 House race in Iowa's 2nd District?,https://www.predictit.org/markets/detail/6789/Which-party-will-win-the-2020-House-race-in-Iowa's-2nd-District,23208,Democratic,0.68,0.34,0.66,0.32,09/11/2020 05:24:52,Open
107,6789,Which party will win the 2020 House race in Iowa's 2nd District?,https://www.predictit.org/markets/detail/6789/Which-party-will-win-the-2020-House-race-in-Iowa's-2nd-District,23208,Democratic,0.68,0.34,0.66,0.32,09/11/2020 05:26:19,Open
108,6789,Which party will win the 2020 House race in Iowa's 2nd District?,https://www.predictit.org/markets/detail/6789/Which-party-will-win-the-2020-House-race-in-Iowa's-2nd-District,23208,Democratic,0.68,0.34,0.66,0.32,09/11/2020 05:27:46,Open
109,6789,Which party will win the 2020 House race in Iowa's 2nd District?,https://www.predictit.org/markets/detail/6789/Which-party-will-win-the-2020-House-race-in-Iowa's-2nd-District,23208,Democratic,0.68,0.34,0.66,0.32,09/11/2020 05:29:11,Open
110,6789,Which party will win the 2020 House race in Iowa's 2nd District?,https://www.predictit.org/markets/detail/6789/Which-party-will-win-the-2020-House-race-in-Iowa's-2nd-District,23208,Democratic,0.68,0.34,0.66,0.32,09/11/2020 05:30:41,Open
111,6789,Which party will win the 2020 House race in Iowa's 2nd District?,https://www.predictit.org/markets/detail/6789/Which-party-will-win-the-2020-House-race-in-Iowa's-2nd-District,23208,Democratic,0.68,0.34,0.66,0.32,09/11/2020 05:32:08,Open
112,6789,Which party will win the 2020 House race in Iowa's 2nd District?,https://www.predictit.org/markets/detail/6789/Which-party-will-win-the-2020-House-race-in-Iowa's-2nd-District,23208,Democratic,0.68,0.34,0.66,0.32,09/11/2020 05:33:34,Open
113,6789,Which party will win the 2020 House race in Iowa's 2nd District?,https://www.predictit.org/markets/detail/6789/Which-party-will-win-the-2020-House-race-in-Iowa's-2nd-District,23208,Democratic,0.68,0.34,0.66,0.32,09/11/2020 05:35:02,Open
114,6789,Which party will win the 2020 House race in Iowa's 2nd District?,https://www.predictit.org/markets/detail/6789/Which-party-will-win-the-2020-House-race-in-Iowa's-2nd-District,23208,Democratic,0.68,0.34,0.66,0.32,09/11/2020 05:36:28,Open
115,6789,Which party will win the 2020 House race in Iowa's 2nd District?,https://www.predictit.org/markets/detail/6789/Which-party-will-win-the-2020-House-race-in-Iowa's-2nd-District,23208,Democratic,0.68,0.34,0.66,0.32,09/11/2020 05:37:57,Open
116,6789,Which party will win the 2020 House race in Iowa's 2nd District?,https://www.predictit.org/markets/detail/6789/Which-party-will-win-the-2020-House-race-in-Iowa's-2nd-District,23208,Democratic,0.68,0.34,0.66,0.32,09/11/2020 05:39:25,Open
117,6789,Which party will win the 2020 House race in Iowa's 2nd District?,https://www.predictit.org/markets/detail/6789/Which-party-will-win-the-2020-House-race-in-Iowa's-2nd-District,23208,Democratic,0.68,0.34,0.66,0.32,09/11/2020 05:40:56,Open
118,6789,Which party will win the 2020 House race in Iowa's 2nd District?,https://www.predictit.org/markets/detail/6789/Which-party-will-win-the-2020-House-race-in-Iowa's-2nd-District,23208,Democratic,0.68,0.34,0.66,0.32,09/11/2020 05:42:25,Open
119,6789,Which party will win the 2020 House race in Iowa's 2nd District?,https://www.predictit.org/markets/detail/6789/Which-party-will-win-the-2020-House-race-in-Iowa's-2nd-District,23208,Democratic,0.68,0.34,0.66,0.32,09/11/2020 05:43:53,Open
120,6789,Which party will win the 2020 House race in Iowa's 2nd District?,https://www.predictit.org/markets/detail/6789/Which-party-will-win-the-2020-House-race-in-Iowa's-2nd-District,23208,Democratic,0.68,0.34,0.66,0.32,09/11/2020 05:45:22,Open
121,6789,Which party will win the 2020 House race in Iowa's 2nd District?,https://www.predictit.org/markets/detail/6789/Which-party-will-win-the-2020-House-race-in-Iowa's-2nd-District,23208,Democratic,0.68,0.34,0.66,0.32,09/11/2020 05:46:56,Open
122,6789,Which party will win the 2020 House race in Iowa's 2nd District?,https://www.predictit.org/markets/detail/6789/Which-party-will-win-the-2020-House-race-in-Iowa's-2nd-District,23208,Democratic,0.68,0.34,0.66,0.32,09/11/2020 05:48:24,Open
123,6789,Which party will win the 2020 House race in Iowa's 2nd District?,https://www.predictit.org/markets/detail/6789/Which-party-will-win-the-2020-House-race-in-Iowa's-2nd-District,23208,Democratic,0.68,0.34,0.66,0.32,09/11/2020 05:49:52,Open
124,6789,Which party will win the 2020 House race in Iowa's 2nd District?,https://www.predictit.org/markets/detail/6789/Which-party-will-win-the-2020-House-race-in-Iowa's-2nd-District,23208,Democratic,0.68,0.34,0.66,0.32,09/11/2020 05:51:22,Open
125,6789,Which party will win the 2020 House race in Iowa's 2nd District?,https://www.predictit.org/markets/detail/6789/Which-party-will-win-the-2020-House-race-in-Iowa's-2nd-District,23208,Democratic,0.68,0.34,0.66,0.32,09/11/2020 05:52:53,Open
126,6789,Which party will win the 2020 House race in Iowa's 2nd District?,https://www.predictit.org/markets/detail/6789/Which-party-will-win-the-2020-House-race-in-Iowa's-2nd-District,23208,Democratic,0.68,0.34,0.66,0.32,09/11/2020 05:54:22,Open
127,6789,Which party will win the 2020 House race in Iowa's 2nd District?,https://www.predictit.org/markets/detail/6789/Which-party-will-win-the-2020-House-race-in-Iowa's-2nd-District,23208,Democratic,0.68,0.34,0.66,0.32,09/11/2020 05:55:51,Open
128,6789,Which party will win the 2020 House race in Iowa's 2nd District?,https://www.predictit.org/markets/detail/6789/Which-party-will-win-the-2020-House-race-in-Iowa's-2nd-District,23208,Democratic,0.68,0.34,0.66,0.32,09/11/2020 05:57:22,Open
129,6789,Which party will win the 2020 House race in Iowa's 2nd District?,https://www.predictit.org/markets/detail/6789/Which-party-will-win-the-2020-House-race-in-Iowa's-2nd-District,23208,Democratic,0.68,0.34,0.66,0.32,09/11/2020 05:58:50,Open
130,6789,Which party will win the 2020 House race in Iowa's 2nd District?,https://www.predictit.org/markets/detail/6789/Which-party-will-win-the-2020-House-race-in-Iowa's-2nd-District,23208,Democratic,0.68,0.34,0.66,0.32,09/11/2020 06:00:19,Open
131,6789,Which party will win the 2020 House race in Iowa's 2nd District?,https://www.predictit.org/markets/detail/6789/Which-party-will-win-the-2020-House-race-in-Iowa's-2nd-District,23208,Democratic,0.68,0.34,0.66,0.32,09/11/2020 06:01:47,Open
132,6789,Which party will win the 2020 House race in Iowa's 2nd District?,https://www.predictit.org/markets/detail/6789/Which-party-will-win-the-2020-House-race-in-Iowa's-2nd-District,23208,Democratic,0.68,0.34,0.66,0.32,09/11/2020 06:03:17,Open
133,6789,Which party will win the 2020 House race in Iowa's 2nd District?,https://www.predictit.org/markets/detail/6789/Which-party-will-win-the-2020-House-race-in-Iowa's-2nd-District,23208,Democratic,0.68,0.34,0.66,0.32,09/11/2020 06:04:45,Open
134,6789,Which party will win the 2020 House race in Iowa's 2nd District?,https://www.predictit.org/markets/detail/6789/Which-party-will-win-the-2020-House-race-in-Iowa's-2nd-District,23208,Democratic,0.68,0.34,0.66,0.32,09/11/2020 06:06:13,Open
135,6789,Which party will win the 2020 House race in Iowa's 2nd District?,https://www.predictit.org/markets/detail/6789/Which-party-will-win-the-2020-House-race-in-Iowa's-2nd-District,23208,Democratic,0.68,0.34,0.66,0.32,09/11/2020 06:07:46,Open
136,6789,Which party will win the 2020 House race in Iowa's 2nd District?,https://www.predictit.org/markets/detail/6789/Which-party-will-win-the-2020-House-race-in-Iowa's-2nd-District,23208,Democratic,0.68,0.34,0.66,0.32,09/11/2020 06:09:13,Open
137,6789,Which party will win the 2020 House race in Iowa's 2nd District?,https://www.predictit.org/markets/detail/6789/Which-party-will-win-the-2020-House-race-in-Iowa's-2nd-District,23208,Democratic,0.68,0.34,0.66,0.32,09/11/2020 06:10:41,Open
138,6789,Which party will win the 2020 House race in Iowa's 2nd District?,https://www.predictit.org/markets/detail/6789/Which-party-will-win-the-2020-House-race-in-Iowa's-2nd-District,23208,Democratic,0.68,0.34,0.66,0.32,09/11/2020 06:12:08,Open
139,6789,Which party will win the 2020 House race in Iowa's 2nd District?,https://www.predictit.org/markets/detail/6789/Which-party-will-win-the-2020-House-race-in-Iowa's-2nd-District,23208,Democratic,0.68,0.34,0.66,0.32,09/11/2020 06:13:41,Open
140,6789,Which party will win the 2020 House race in Iowa's 2nd District?,https://www.predictit.org/markets/detail/6789/Which-party-will-win-the-2020-House-race-in-Iowa's-2nd-District,23208,Democratic,0.68,0.34,0.66,0.32,09/11/2020 06:15:08,Open
141,6789,Which party will win the 2020 House race in Iowa's 2nd District?,https://www.predictit.org/markets/detail/6789/Which-party-will-win-the-2020-House-race-in-Iowa's-2nd-District,23208,Democratic,0.68,0.34,0.66,0.32,09/11/2020 06:16:36,Open
142,6789,Which party will win the 2020 House race in Iowa's 2nd District?,https://www.predictit.org/markets/detail/6789/Which-party-will-win-the-2020-House-race-in-Iowa's-2nd-District,23208,Democratic,0.68,0.34,0.66,0.32,09/11/2020 06:18:05,Open
143,6789,Which party will win the 2020 House race in Iowa's 2nd District?,https://www.predictit.org/markets/detail/6789/Which-party-will-win-the-2020-House-race-in-Iowa's-2nd-District,23208,Democratic,0.68,0.34,0.66,0.32,09/11/2020 06:19:34,Open
144,6789,Which party will win the 2020 House race in Iowa's 2nd District?,https://www.predictit.org/markets/detail/6789/Which-party-will-win-the-2020-House-race-in-Iowa's-2nd-District,23208,Democratic,0.68,0.34,0.66,0.32,09/11/2020 06:21:02,Open
145,6789,Which party will win the 2020 House race in Iowa's 2nd District?,https://www.predictit.org/markets/detail/6789/Which-party-will-win-the-2020-House-race-in-Iowa's-2nd-District,23208,Democratic,0.68,0.34,0.66,0.32,09/11/2020 06:22:31,Open
146,6789,Which party will win the 2020 House race in Iowa's 2nd District?,https://www.predictit.org/markets/detail/6789/Which-party-will-win-the-2020-House-race-in-Iowa's-2nd-District,23208,Democratic,0.68,0.34,0.66,0.32,09/11/2020 06:24:01,Open
147,6789,Which party will win the 2020 House race in Iowa's 2nd District?,https://www.predictit.org/markets/detail/6789/Which-party-will-win-the-2020-House-race-in-Iowa's-2nd-District,23208,Democratic,0.68,0.34,0.66,0.32,09/11/2020 06:25:29,Open
148,6789,Which party will win the 2020 House race in Iowa's 2nd District?,https://www.predictit.org/markets/detail/6789/Which-party-will-win-the-2020-House-race-in-Iowa's-2nd-District,23208,Democratic,0.68,0.34,0.66,0.32,09/11/2020 06:26:58,Open
149,6789,Which party will win the 2020 House race in Iowa's 2nd District?,https://www.predictit.org/markets/detail/6789/Which-party-will-win-the-2020-House-race-in-Iowa's-2nd-District,23208,Democratic,0.68,0.34,0.66,0.32,09/11/2020 06:28:28,Open
150,6789,Which party will win the 2020 House race in Iowa's 2nd District?,https://www.predictit.org/markets/detail/6789/Which-party-will-win-the-2020-House-race-in-Iowa's-2nd-District,23208,Democratic,0.68,0.34,0.66,0.32,09/11/2020 06:30:00,Open
151,6789,Which party will win the 2020 House race in Iowa's 2nd District?,https://www.predictit.org/markets/detail/6789/Which-party-will-win-the-2020-House-race-in-Iowa's-2nd-District,23208,Democratic,0.68,0.34,0.66,0.32,09/11/2020 06:31:29,Open
152,6789,Which party will win the 2020 House race in Iowa's 2nd District?,https://www.predictit.org/markets/detail/6789/Which-party-will-win-the-2020-House-race-in-Iowa's-2nd-District,23208,Democratic,0.68,0.34,0.66,0.32,09/11/2020 06:32:59,Open
153,6789,Which party will win the 2020 House race in Iowa's 2nd District?,https://www.predictit.org/markets/detail/6789/Which-party-will-win-the-2020-House-race-in-Iowa's-2nd-District,23208,Democratic,0.68,0.34,0.66,0.32,09/11/2020 06:34:31,Open
154,6789,Which party will win the 2020 House race in Iowa's 2nd District?,https://www.predictit.org/markets/detail/6789/Which-party-will-win-the-2020-House-race-in-Iowa's-2nd-District,23208,Democratic,0.68,0.34,0.66,0.32,09/11/2020 06:36:02,Open
155,6789,Which party will win the 2020 House race in Iowa's 2nd District?,https://www.predictit.org/markets/detail/6789/Which-party-will-win-the-2020-House-race-in-Iowa's-2nd-District,23208,Democratic,0.68,0.34,0.66,0.32,09/11/2020 06:37:32,Open
156,6789,Which party will win the 2020 House race in Iowa's 2nd District?,https://www.predictit.org/markets/detail/6789/Which-party-will-win-the-2020-House-race-in-Iowa's-2nd-District,23208,Democratic,0.68,0.34,0.66,0.32,09/11/2020 06:39:08,Open
157,6789,Which party will win the 2020 House race in Iowa's 2nd District?,https://www.predictit.org/markets/detail/6789/Which-party-will-win-the-2020-House-race-in-Iowa's-2nd-District,23208,Democratic,0.68,0.34,0.66,0.32,09/11/2020 06:40:40,Open
158,6789,Which party will win the 2020 House race in Iowa's 2nd District?,https://www.predictit.org/markets/detail/6789/Which-party-will-win-the-2020-House-race-in-Iowa's-2nd-District,23208,Democratic,0.68,0.34,0.66,0.32,09/11/2020 06:42:11,Open
159,6789,Which party will win the 2020 House race in Iowa's 2nd District?,https://www.predictit.org/markets/detail/6789/Which-party-will-win-the-2020-House-race-in-Iowa's-2nd-District,23208,Democratic,0.68,0.34,0.66,0.32,09/11/2020 06:43:43,Open
160,6789,Which party will win the 2020 House race in Iowa's 2nd District?,https://www.predictit.org/markets/detail/6789/Which-party-will-win-the-2020-House-race-in-Iowa's-2nd-District,23208,Democratic,0.68,0.34,0.66,0.32,09/11/2020 06:45:13,Open
161,6789,Which party will win the 2020 House race in Iowa's 2nd District?,https://www.predictit.org/markets/detail/6789/Which-party-will-win-the-2020-House-race-in-Iowa's-2nd-District,23208,Democratic,0.68,0.34,0.66,0.32,09/11/2020 06:46:45,Open
162,6789,Which party will win the 2020 House race in Iowa's 2nd District?,https://www.predictit.org/markets/detail/6789/Which-party-will-win-the-2020-House-race-in-Iowa's-2nd-District,23208,Democratic,0.68,0.34,0.66,0.32,09/11/2020 06:48:21,Open
163,6789,Which party will win the 2020 House race in Iowa's 2nd District?,https://www.predictit.org/markets/detail/6789/Which-party-will-win-the-2020-House-race-in-Iowa's-2nd-District,23208,Democratic,0.68,0.34,0.66,0.32,09/11/2020 06:49:55,Open
164,6789,Which party will win the 2020 House race in Iowa's 2nd District?,https://www.predictit.org/markets/detail/6789/Which-party-will-win-the-2020-House-race-in-Iowa's-2nd-District,23208,Democratic,0.68,0.34,0.66,0.32,09/11/2020 06:51:27,Open
165,6789,Which party will win the 2020 House race in Iowa's 2nd District?,https://www.predictit.org/markets/detail/6789/Which-party-will-win-the-2020-House-race-in-Iowa's-2nd-District,23208,Democratic,0.68,0.34,0.66,0.32,09/11/2020 06:52:57,Open
166,6789,Which party will win the 2020 House race in Iowa's 2nd District?,https://www.predictit.org/markets/detail/6789/Which-party-will-win-the-2020-House-race-in-Iowa's-2nd-District,23208,Democratic,0.68,0.34,0.66,0.32,09/11/2020 06:54:29,Open
167,6789,Which party will win the 2020 House race in Iowa's 2nd District?,https://www.predictit.org/markets/detail/6789/Which-party-will-win-the-2020-House-race-in-Iowa's-2nd-District,23208,Democratic,0.68,0.34,0.66,0.32,09/11/2020 06:56:01,Open
168,6789,Which party will win the 2020 House race in Iowa's 2nd District?,https://www.predictit.org/markets/detail/6789/Which-party-will-win-the-2020-House-race-in-Iowa's-2nd-District,23208,Democratic,0.68,0.34,0.66,0.32,09/11/2020 06:57:34,Open
169,6789,Which party will win the 2020 House race in Iowa's 2nd District?,https://www.predictit.org/markets/detail/6789/Which-party-will-win-the-2020-House-race-in-Iowa's-2nd-District,23208,Democratic,0.68,0.34,0.66,0.32,09/11/2020 06:59:04,Open
170,6789,Which party will win the 2020 House race in Iowa's 2nd District?,https://www.predictit.org/markets/detail/6789/Which-party-will-win-the-2020-House-race-in-Iowa's-2nd-District,23208,Democratic,0.68,0.34,0.66,0.32,09/11/2020 07:00:36,Open
171,6789,Which party will win the 2020 House race in Iowa's 2nd District?,https://www.predictit.org/markets/detail/6789/Which-party-will-win-the-2020-House-race-in-Iowa's-2nd-District,23208,Democratic,0.68,0.34,0.66,0.32,09/11/2020 07:02:10,Open
172,6789,Which party will win the 2020 House race in Iowa's 2nd District?,https://www.predictit.org/markets/detail/6789/Which-party-will-win-the-2020-House-race-in-Iowa's-2nd-District,23208,Democratic,0.68,0.34,0.66,0.32,09/11/2020 07:03:39,Open
173,6789,Which party will win the 2020 House race in Iowa's 2nd District?,https://www.predictit.org/markets/detail/6789/Which-party-will-win-the-2020-House-race-in-Iowa's-2nd-District,23208,Democratic,0.68,0.34,0.66,0.32,09/11/2020 07:05:10,Open
174,6789,Which party will win the 2020 House race in Iowa's 2nd District?,https://www.predictit.org/markets/detail/6789/Which-party-will-win-the-2020-House-race-in-Iowa's-2nd-District,23208,Democratic,0.68,0.34,0.66,0.32,09/11/2020 07:06:41,Open
175,6789,Which party will win the 2020 House race in Iowa's 2nd District?,https://www.predictit.org/markets/detail/6789/Which-party-will-win-the-2020-House-race-in-Iowa's-2nd-District,23208,Democratic,0.68,0.34,0.66,0.32,09/11/2020 07:08:15,Open
176,6789,Which party will win the 2020 House race in Iowa's 2nd District?,https://www.predictit.org/markets/detail/6789/Which-party-will-win-the-2020-House-race-in-Iowa's-2nd-District,23208,Democratic,0.68,0.34,0.66,0.32,09/11/2020 07:09:46,Open
177,6789,Which party will win the 2020 House race in Iowa's 2nd District?,https://www.predictit.org/markets/detail/6789/Which-party-will-win-the-2020-House-race-in-Iowa's-2nd-District,23208,Democratic,0.68,0.34,0.66,0.32,09/11/2020 07:11:17,Open
178,6789,Which party will win the 2020 House race in Iowa's 2nd District?,https://www.predictit.org/markets/detail/6789/Which-party-will-win-the-2020-House-race-in-Iowa's-2nd-District,23208,Democratic,0.68,0.34,0.66,0.32,09/11/2020 07:12:51,Open
179,6789,Which party will win the 2020 House race in Iowa's 2nd District?,https://www.predictit.org/markets/detail/6789/Which-party-will-win-the-2020-House-race-in-Iowa's-2nd-District,23208,Democratic,0.68,0.34,0.66,0.32,09/11/2020 07:14:21,Open
180,6789,Which party will win the 2020 House race in Iowa's 2nd District?,https://www.predictit.org/markets/detail/6789/Which-party-will-win-the-2020-House-race-in-Iowa's-2nd-District,23208,Democratic,0.68,0.34,0.66,0.32,09/11/2020 07:15:54,Open
181,6789,Which party will win the 2020 House race in Iowa's 2nd District?,https://www.predictit.org/markets/detail/6789/Which-party-will-win-the-2020-House-race-in-Iowa's-2nd-District,23208,Democratic,0.68,0.34,0.66,0.32,09/11/2020 07:17:25,Open
182,6789,Which party will win the 2020 House race in Iowa's 2nd District?,https://www.predictit.org/markets/detail/6789/Which-party-will-win-the-2020-House-race-in-Iowa's-2nd-District,23208,Democratic,0.68,0.34,0.66,0.32,09/11/2020 07:18:59,Open
183,6789,Which party will win the 2020 House race in Iowa's 2nd District?,https://www.predictit.org/markets/detail/6789/Which-party-will-win-the-2020-House-race-in-Iowa's-2nd-District,23208,Democratic,0.68,0.34,0.66,0.32,09/11/2020 07:20:31,Open
184,6789,Which party will win the 2020 House race in Iowa's 2nd District?,https://www.predictit.org/markets/detail/6789/Which-party-will-win-the-2020-House-race-in-Iowa's-2nd-District,23208,Democratic,0.68,0.34,0.66,0.32,09/11/2020 07:22:02,Open
185,6789,Which party will win the 2020 House race in Iowa's 2nd District?,https://www.predictit.org/markets/detail/6789/Which-party-will-win-the-2020-House-race-in-Iowa's-2nd-District,23208,Democratic,0.68,0.34,0.66,0.32,09/11/2020 07:23:36,Open
186,6789,Which party will win the 2020 House race in Iowa's 2nd District?,https://www.predictit.org/markets/detail/6789/Which-party-will-win-the-2020-House-race-in-Iowa's-2nd-District,23208,Democratic,0.68,0.34,0.66,0.32,09/11/2020 07:25:07,Open
187,6789,Which party will win the 2020 House race in Iowa's 2nd District?,https://www.predictit.org/markets/detail/6789/Which-party-will-win-the-2020-House-race-in-Iowa's-2nd-District,23208,Democratic,0.68,0.34,0.66,0.32,09/11/2020 07:26:38,Open
188,6789,Which party will win the 2020 House race in Iowa's 2nd District?,https://www.predictit.org/markets/detail/6789/Which-party-will-win-the-2020-House-race-in-Iowa's-2nd-District,23208,Democratic,0.68,0.34,0.66,0.32,09/11/2020 07:28:08,Open
189,6789,Which party will win the 2020 House race in Iowa's 2nd District?,https://www.predictit.org/markets/detail/6789/Which-party-will-win-the-2020-House-race-in-Iowa's-2nd-District,23208,Democratic,0.68,0.34,0.66,0.32,09/11/2020 07:29:43,Open
190,6789,Which party will win the 2020 House race in Iowa's 2nd District?,https://www.predictit.org/markets/detail/6789/Which-party-will-win-the-2020-House-race-in-Iowa's-2nd-District,23208,Democratic,0.68,0.34,0.66,0.32,09/11/2020 07:31:18,Open
191,6789,Which party will win the 2020 House race in Iowa's 2nd District?,https://www.predictit.org/markets/detail/6789/Which-party-will-win-the-2020-House-race-in-Iowa's-2nd-District,23208,Democratic,0.68,0.34,0.66,0.32,09/11/2020 07:32:50,Open
192,6789,Which party will win the 2020 House race in Iowa's 2nd District?,https://www.predictit.org/markets/detail/6789/Which-party-will-win-the-2020-House-race-in-Iowa's-2nd-District,23208,Democratic,0.68,0.34,0.66,0.32,09/11/2020 07:34:23,Open
193,6789,Which party will win the 2020 House race in Iowa's 2nd District?,https://www.predictit.org/markets/detail/6789/Which-party-will-win-the-2020-House-race-in-Iowa's-2nd-District,23208,Democratic,0.68,0.34,0.66,0.32,09/11/2020 07:35:56,Open
194,6789,Which party will win the 2020 House race in Iowa's 2nd District?,https://www.predictit.org/markets/detail/6789/Which-party-will-win-the-2020-House-race-in-Iowa's-2nd-District,23208,Democratic,0.68,0.34,0.66,0.32,09/11/2020 07:37:28,Open
195,6789,Which party will win the 2020 House race in Iowa's 2nd District?,https://www.predictit.org/markets/detail/6789/Which-party-will-win-the-2020-House-race-in-Iowa's-2nd-District,23208,Democratic,0.68,0.34,0.66,0.32,09/11/2020 07:39:00,Open
196,6789,Which party will win the 2020 House race in Iowa's 2nd District?,https://www.predictit.org/markets/detail/6789/Which-party-will-win-the-2020-House-race-in-Iowa's-2nd-District,23208,Democratic,0.68,0.34,0.66,0.32,09/11/2020 07:40:34,Open
197,6789,Which party will win the 2020 House race in Iowa's 2nd District?,https://www.predictit.org/markets/detail/6789/Which-party-will-win-the-2020-House-race-in-Iowa's-2nd-District,23208,Democratic,0.68,0.34,0.66,0.32,09/11/2020 07:42:07,Open
198,6789,Which party will win the 2020 House race in Iowa's 2nd District?,https://www.predictit.org/markets/detail/6789/Which-party-will-win-the-2020-House-race-in-Iowa's-2nd-District,23208,Democratic,0.68,0.34,0.66,0.32,09/11/2020 07:43:39,Open
199,6789,Which party will win the 2020 House race in Iowa's 2nd District?,https://www.predictit.org/markets/detail/6789/Which-party-will-win-the-2020-House-race-in-Iowa's-2nd-District,23208,Democratic,0.68,0.34,0.66,0.32,09/11/2020 07:45:12,Open
200,6789,Which party will win the 2020 House race in Iowa's 2nd District?,https://www.predictit.org/markets/detail/6789/Which-party-will-win-the-2020-House-race-in-Iowa's-2nd-District,23208,Democratic,0.68,0.34,0.66,0.32,09/11/2020 07:46:45,Open
201,6789,Which party will win the 2020 House race in Iowa's 2nd District?,https://www.predictit.org/markets/detail/6789/Which-party-will-win-the-2020-House-race-in-Iowa's-2nd-District,23208,Democratic,0.68,0.34,0.66,0.32,09/11/2020 07:48:17,Open
202,6789,Which party will win the 2020 House race in Iowa's 2nd District?,https://www.predictit.org/markets/detail/6789/Which-party-will-win-the-2020-House-race-in-Iowa's-2nd-District,23208,Democratic,0.68,0.34,0.66,0.32,09/11/2020 07:49:50,Open
203,6789,Which party will win the 2020 House race in Iowa's 2nd District?,https://www.predictit.org/markets/detail/6789/Which-party-will-win-the-2020-House-race-in-Iowa's-2nd-District,23208,Democratic,0.68,0.34,0.66,0.32,09/11/2020 07:51:24,Open
204,6789,Which party will win the 2020 House race in Iowa's 2nd District?,https://www.predictit.org/markets/detail/6789/Which-party-will-win-the-2020-House-race-in-Iowa's-2nd-District,23208,Democratic,0.68,0.34,0.66,0.32,09/11/2020 07:52:56,Open
205,6789,Which party will win the 2020 House race in Iowa's 2nd District?,https://www.predictit.org/markets/detail/6789/Which-party-will-win-the-2020-House-race-in-Iowa's-2nd-District,23208,Democratic,0.68,0.34,0.66,0.32,09/11/2020 07:54:28,Open
206,6789,Which party will win the 2020 House race in Iowa's 2nd District?,https://www.predictit.org/markets/detail/6789/Which-party-will-win-the-2020-House-race-in-Iowa's-2nd-District,23208,Democratic,0.68,0.34,0.66,0.32,09/11/2020 07:56:01,Open
207,6789,Which party will win the 2020 House race in Iowa's 2nd District?,https://www.predictit.org/markets/detail/6789/Which-party-will-win-the-2020-House-race-in-Iowa's-2nd-District,23208,Democratic,0.68,0.34,0.66,0.32,09/11/2020 07:57:34,Open
208,6789,Which party will win the 2020 House race in Iowa's 2nd District?,https://www.predictit.org/markets/detail/6789/Which-party-will-win-the-2020-House-race-in-Iowa's-2nd-District,23208,Democratic,0.68,0.34,0.66,0.32,09/11/2020 07:59:07,Open
209,6789,Which party will win the 2020 House race in Iowa's 2nd District?,https://www.predictit.org/markets/detail/6789/Which-party-will-win-the-2020-House-race-in-Iowa's-2nd-District,23208,Democratic,0.68,0.34,0.66,0.32,09/11/2020 08:00:39,Open
210,6789,Which party will win the 2020 House race in Iowa's 2nd District?,https://www.predictit.org/markets/detail/6789/Which-party-will-win-the-2020-House-race-in-Iowa's-2nd-District,23208,Democratic,0.68,0.34,0.66,0.32,09/11/2020 08:02:19,Open
211,6789,Which party will win the 2020 House race in Iowa's 2nd District?,https://www.predictit.org/markets/detail/6789/Which-party-will-win-the-2020-House-race-in-Iowa's-2nd-District,23208,Democratic,0.68,0.34,0.66,0.32,09/11/2020 08:03:51,Open
212,6789,Which party will win the 2020 House race in Iowa's 2nd District?,https://www.predictit.org/markets/detail/6789/Which-party-will-win-the-2020-House-race-in-Iowa's-2nd-District,23208,Democratic,0.68,0.34,0.66,0.32,09/11/2020 08:05:23,Open
213,6789,Which party will win the 2020 House race in Iowa's 2nd District?,https://www.predictit.org/markets/detail/6789/Which-party-will-win-the-2020-House-race-in-Iowa's-2nd-District,23208,Democratic,0.68,0.34,0.66,0.32,09/11/2020 08:06:59,Open
214,6789,Which party will win the 2020 House race in Iowa's 2nd District?,https://www.predictit.org/markets/detail/6789/Which-party-will-win-the-2020-House-race-in-Iowa's-2nd-District,23208,Democratic,0.68,0.34,0.66,0.32,09/11/2020 08:08:32,Open
215,6789,Which party will win the 2020 House race in Iowa's 2nd District?,https://www.predictit.org/markets/detail/6789/Which-party-will-win-the-2020-House-race-in-Iowa's-2nd-District,23208,Democratic,0.68,0.34,0.66,0.32,09/11/2020 08:10:05,Open
216,6789,Which party will win the 2020 House race in Iowa's 2nd District?,https://www.predictit.org/markets/detail/6789/Which-party-will-win-the-2020-House-race-in-Iowa's-2nd-District,23208,Democratic,0.68,0.34,0.66,0.32,09/11/2020 08:11:38,Open
217,6789,Which party will win the 2020 House race in Iowa's 2nd District?,https://www.predictit.org/markets/detail/6789/Which-party-will-win-the-2020-House-race-in-Iowa's-2nd-District,23208,Democratic,0.68,0.34,0.66,0.32,09/11/2020 08:13:13,Open
218,6789,Which party will win the 2020 House race in Iowa's 2nd District?,https://www.predictit.org/markets/detail/6789/Which-party-will-win-the-2020-House-race-in-Iowa's-2nd-District,23208,Democratic,0.68,0.34,0.66,0.32,09/11/2020 08:14:45,Open
219,6789,Which party will win the 2020 House race in Iowa's 2nd District?,https://www.predictit.org/markets/detail/6789/Which-party-will-win-the-2020-House-race-in-Iowa's-2nd-District,23208,Democratic,0.68,0.34,0.66,0.32,09/11/2020 08:16:18,Open
220,6789,Which party will win the 2020 House race in Iowa's 2nd District?,https://www.predictit.org/markets/detail/6789/Which-party-will-win-the-2020-House-race-in-Iowa's-2nd-District,23208,Democratic,0.68,0.34,0.66,0.32,09/11/2020 08:17:53,Open
221,6789,Which party will win the 2020 House race in Iowa's 2nd District?,https://www.predictit.org/markets/detail/6789/Which-party-will-win-the-2020-House-race-in-Iowa's-2nd-District,23208,Democratic,0.68,0.34,0.66,0.32,09/11/2020 08:19:27,Open
222,6789,Which party will win the 2020 House race in Iowa's 2nd District?,https://www.predictit.org/markets/detail/6789/Which-party-will-win-the-2020-House-race-in-Iowa's-2nd-District,23208,Democratic,0.68,0.34,0.66,0.32,09/11/2020 08:21:01,Open
223,6789,Which party will win the 2020 House race in Iowa's 2nd District?,https://www.predictit.org/markets/detail/6789/Which-party-will-win-the-2020-House-race-in-Iowa's-2nd-District,23208,Democratic,0.68,0.34,0.66,0.32,09/11/2020 08:22:34,Open
224,6789,Which party will win the 2020 House race in Iowa's 2nd District?,https://www.predictit.org/markets/detail/6789/Which-party-will-win-the-2020-House-race-in-Iowa's-2nd-District,23208,Democratic,0.68,0.34,0.66,0.32,09/11/2020 08:24:08,Open
225,6789,Which party will win the 2020 House race in Iowa's 2nd District?,https://www.predictit.org/markets/detail/6789/Which-party-will-win-the-2020-House-race-in-Iowa's-2nd-District,23208,Democratic,0.68,0.34,0.66,0.32,09/11/2020 08:25:42,Open
226,6789,Which party will win the 2020 House race in Iowa's 2nd District?,https://www.predictit.org/markets/detail/6789/Which-party-will-win-the-2020-House-race-in-Iowa's-2nd-District,23208,Democratic,0.68,0.34,0.66,0.32,09/11/2020 08:27:16,Open
227,6789,Which party will win the 2020 House race in Iowa's 2nd District?,https://www.predictit.org/markets/detail/6789/Which-party-will-win-the-2020-House-race-in-Iowa's-2nd-District,23208,Democratic,0.68,0.34,0.66,0.32,09/11/2020 08:28:51,Open
228,6789,Which party will win the 2020 House race in Iowa's 2nd District?,https://www.predictit.org/markets/detail/6789/Which-party-will-win-the-2020-House-race-in-Iowa's-2nd-District,23208,Democratic,0.68,0.34,0.66,0.32,09/11/2020 08:30:25,Open
229,6789,Which party will win the 2020 House race in Iowa's 2nd District?,https://www.predictit.org/markets/detail/6789/Which-party-will-win-the-2020-House-race-in-Iowa's-2nd-District,23208,Democratic,0.68,0.34,0.66,0.32,09/11/2020 08:31:58,Open
230,6789,Which party will win the 2020 House race in Iowa's 2nd District?,https://www.predictit.org/markets/detail/6789/Which-party-will-win-the-2020-House-race-in-Iowa's-2nd-District,23208,Democratic,0.68,0.34,0.66,0.32,09/11/2020 08:33:35,Open
231,6789,Which party will win the 2020 House race in Iowa's 2nd District?,https://www.predictit.org/markets/detail/6789/Which-party-will-win-the-2020-House-race-in-Iowa's-2nd-District,23208,Democratic,0.68,0.34,0.66,0.32,09/11/2020 08:35:09,Open
232,6789,Which party will win the 2020 House race in Iowa's 2nd District?,https://www.predictit.org/markets/detail/6789/Which-party-will-win-the-2020-House-race-in-Iowa's-2nd-District,23208,Democratic,0.68,0.34,0.66,0.32,09/11/2020 08:36:43,Open
233,6789,Which party will win the 2020 House race in Iowa's 2nd District?,https://www.predictit.org/markets/detail/6789/Which-party-will-win-the-2020-House-race-in-Iowa's-2nd-District,23208,Democratic,0.68,0.34,0.66,0.32,09/11/2020 08:38:18,Open
234,6789,Which party will win the 2020 House race in Iowa's 2nd District?,https://www.predictit.org/markets/detail/6789/Which-party-will-win-the-2020-House-race-in-Iowa's-2nd-District,23208,Democratic,0.68,0.34,0.66,0.32,09/11/2020 08:39:55,Open
235,6789,Which party will win the 2020 House race in Iowa's 2nd District?,https://www.predictit.org/markets/detail/6789/Which-party-will-win-the-2020-House-race-in-Iowa's-2nd-District,23208,Democratic,0.68,0.34,0.66,0.32,09/11/2020 08:41:29,Open
236,6789,Which party will win the 2020 House race in Iowa's 2nd District?,https://www.predictit.org/markets/detail/6789/Which-party-will-win-the-2020-House-race-in-Iowa's-2nd-District,23208,Democratic,0.68,0.34,0.66,0.32,09/11/2020 08:43:04,Open
237,6789,Which party will win the 2020 House race in Iowa's 2nd District?,https://www.predictit.org/markets/detail/6789/Which-party-will-win-the-2020-House-race-in-Iowa's-2nd-District,23208,Democratic,0.68,0.34,0.66,0.32,09/11/2020 08:44:39,Open
238,6789,Which party will win the 2020 House race in Iowa's 2nd District?,https://www.predictit.org/markets/detail/6789/Which-party-will-win-the-2020-House-race-in-Iowa's-2nd-District,23208,Democratic,0.68,0.34,0.66,0.32,09/11/2020 08:46:14,Open
239,6789,Which party will win the 2020 House race in Iowa's 2nd District?,https://www.predictit.org/markets/detail/6789/Which-party-will-win-the-2020-House-race-in-Iowa's-2nd-District,23208,Democratic,0.68,0.34,0.66,0.32,09/11/2020 08:47:49,Open
240,6789,Which party will win the 2020 House race in Iowa's 2nd District?,https://www.predictit.org/markets/detail/6789/Which-party-will-win-the-2020-House-race-in-Iowa's-2nd-District,23208,Democratic,0.68,0.34,0.66,0.32,09/11/2020 08:49:23,Open
241,6789,Which party will win the 2020 House race in Iowa's 2nd District?,https://www.predictit.org/markets/detail/6789/Which-party-will-win-the-2020-House-race-in-Iowa's-2nd-District,23208,Democratic,0.68,0.34,0.66,0.32,09/11/2020 08:51:00,Open
242,6789,Which party will win the 2020 House race in Iowa's 2nd District?,https://www.predictit.org/markets/detail/6789/Which-party-will-win-the-2020-House-race-in-Iowa's-2nd-District,23208,Democratic,0.68,0.34,0.66,0.32,09/11/2020 08:52:34,Open
243,6789,Which party will win the 2020 House race in Iowa's 2nd District?,https://www.predictit.org/markets/detail/6789/Which-party-will-win-the-2020-House-race-in-Iowa's-2nd-District,23208,Democratic,0.68,0.34,0.66,0.32,09/11/2020 08:54:09,Open
244,6789,Which party will win the 2020 House race in Iowa's 2nd District?,https://www.predictit.org/markets/detail/6789/Which-party-will-win-the-2020-House-race-in-Iowa's-2nd-District,23208,Democratic,0.68,0.34,0.66,0.32,09/11/2020 08:55:44,Open
245,6789,Which party will win the 2020 House race in Iowa's 2nd District?,https://www.predictit.org/markets/detail/6789/Which-party-will-win-the-2020-House-race-in-Iowa's-2nd-District,23208,Democratic,0.68,0.34,0.66,0.32,09/11/2020 08:57:18,Open
246,6789,Which party will win the 2020 House race in Iowa's 2nd District?,https://www.predictit.org/markets/detail/6789/Which-party-will-win-the-2020-House-race-in-Iowa's-2nd-District,23208,Democratic,0.68,0.34,0.66,0.32,09/11/2020 08:58:52,Open
247,6789,Which party will win the 2020 House race in Iowa's 2nd District?,https://www.predictit.org/markets/detail/6789/Which-party-will-win-the-2020-House-race-in-Iowa's-2nd-District,23208,Democratic,0.68,0.34,0.66,0.32,09/11/2020 09:00:26,Open
248,6789,Which party will win the 2020 House race in Iowa's 2nd District?,https://www.predictit.org/markets/detail/6789/Which-party-will-win-the-2020-House-race-in-Iowa's-2nd-District,23208,Democratic,0.68,0.34,0.66,0.32,09/11/2020 09:02:03,Open
249,6789,Which party will win the 2020 House race in Iowa's 2nd District?,https://www.predictit.org/markets/detail/6789/Which-party-will-win-the-2020-House-race-in-Iowa's-2nd-District,23208,Democratic,0.68,0.34,0.66,0.32,09/11/2020 09:03:38,Open
250,6789,Which party will win the 2020 House race in Iowa's 2nd District?,https://www.predictit.org/markets/detail/6789/Which-party-will-win-the-2020-House-race-in-Iowa's-2nd-District,23208,Democratic,0.68,0.34,0.66,0.32,09/11/2020 09:05:14,Open
251,6789,Which party will win the 2020 House race in Iowa's 2nd District?,https://www.predictit.org/markets/detail/6789/Which-party-will-win-the-2020-House-race-in-Iowa's-2nd-District,23208,Democratic,0.68,0.34,0.66,0.32,09/11/2020 09:06:51,Open
252,6789,Which party will win the 2020 House race in Iowa's 2nd District?,https://www.predictit.org/markets/detail/6789/Which-party-will-win-the-2020-House-race-in-Iowa's-2nd-District,23208,Democratic,0.68,0.34,0.66,0.32,09/11/2020 09:08:25,Open
253,6789,Which party will win the 2020 House race in Iowa's 2nd District?,https://www.predictit.org/markets/detail/6789/Which-party-will-win-the-2020-House-race-in-Iowa's-2nd-District,23208,Democratic,0.68,0.34,0.66,0.32,09/11/2020 09:10:01,Open
254,6789,Which party will win the 2020 House race in Iowa's 2nd District?,https://www.predictit.org/markets/detail/6789/Which-party-will-win-the-2020-House-race-in-Iowa's-2nd-District,23208,Democratic,0.68,0.34,0.66,0.32,09/11/2020 09:11:37,Open
255,6789,Which party will win the 2020 House race in Iowa's 2nd District?,https://www.predictit.org/markets/detail/6789/Which-party-will-win-the-2020-House-race-in-Iowa's-2nd-District,23208,Democratic,0.68,0.34,0.66,0.32,09/11/2020 09:13:12,Open
256,6789,Which party will win the 2020 House race in Iowa's 2nd District?,https://www.predictit.org/markets/detail/6789/Which-party-will-win-the-2020-House-race-in-Iowa's-2nd-District,23208,Democratic,0.68,0.34,0.66,0.32,09/11/2020 09:14:48,Open
257,6789,Which party will win the 2020 House race in Iowa's 2nd District?,https://www.predictit.org/markets/detail/6789/Which-party-will-win-the-2020-House-race-in-Iowa's-2nd-District,23208,Democratic,0.68,0.34,0.66,0.32,09/11/2020 09:16:23,Open
258,6789,Which party will win the 2020 House race in Iowa's 2nd District?,https://www.predictit.org/markets/detail/6789/Which-party-will-win-the-2020-House-race-in-Iowa's-2nd-District,23208,Democratic,0.68,0.34,0.66,0.32,09/11/2020 09:18:01,Open
259,6789,Which party will win the 2020 House race in Iowa's 2nd District?,https://www.predictit.org/markets/detail/6789/Which-party-will-win-the-2020-House-race-in-Iowa's-2nd-District,23208,Democratic,0.68,0.34,0.66,0.32,09/11/2020 09:19:38,Open
260,6789,Which party will win the 2020 House race in Iowa's 2nd District?,https://www.predictit.org/markets/detail/6789/Which-party-will-win-the-2020-House-race-in-Iowa's-2nd-District,23208,Democratic,0.68,0.34,0.66,0.32,09/11/2020 09:21:13,Open
261,6789,Which party will win the 2020 House race in Iowa's 2nd District?,https://www.predictit.org/markets/detail/6789/Which-party-will-win-the-2020-House-race-in-Iowa's-2nd-District,23208,Democratic,0.68,0.34,0.66,0.32,09/11/2020 09:22:50,Open
262,6789,Which party will win the 2020 House race in Iowa's 2nd District?,https://www.predictit.org/markets/detail/6789/Which-party-will-win-the-2020-House-race-in-Iowa's-2nd-District,23208,Democratic,0.68,0.34,0.66,0.32,09/11/2020 09:24:25,Open
263,6789,Which party will win the 2020 House race in Iowa's 2nd District?,https://www.predictit.org/markets/detail/6789/Which-party-will-win-the-2020-House-race-in-Iowa's-2nd-District,23208,Democratic,0.68,0.34,0.66,0.32,09/11/2020 09:26:01,Open
264,6789,Which party will win the 2020 House race in Iowa's 2nd District?,https://www.predictit.org/markets/detail/6789/Which-party-will-win-the-2020-House-race-in-Iowa's-2nd-District,23208,Democratic,0.68,0.34,0.66,0.32,09/11/2020 09:27:37,Open
265,6789,Which party will win the 2020 House race in Iowa's 2nd District?,https://www.predictit.org/markets/detail/6789/Which-party-will-win-the-2020-House-race-in-Iowa's-2nd-District,23208,Democratic,0.68,0.34,0.66,0.32,09/11/2020 09:29:15,Open
266,6789,Which party will win the 2020 House race in Iowa's 2nd District?,https://www.predictit.org/markets/detail/6789/Which-party-will-win-the-2020-House-race-in-Iowa's-2nd-District,23208,Democratic,0.68,0.34,0.66,0.32,09/11/2020 09:30:51,Open
267,6789,Which party will win the 2020 House race in Iowa's 2nd District?,https://www.predictit.org/markets/detail/6789/Which-party-will-win-the-2020-House-race-in-Iowa's-2nd-District,23208,Democratic,0.68,0.34,0.66,0.32,09/11/2020 09:32:27,Open
268,6789,Which party will win the 2020 House race in Iowa's 2nd District?,https://www.predictit.org/markets/detail/6789/Which-party-will-win-the-2020-House-race-in-Iowa's-2nd-District,23208,Democratic,0.68,0.34,0.66,0.32,09/11/2020 09:34:05,Open
269,6789,Which party will win the 2020 House race in Iowa's 2nd District?,https://www.predictit.org/markets/detail/6789/Which-party-will-win-the-2020-House-race-in-Iowa's-2nd-District,23208,Democratic,0.68,0.34,0.66,0.32,09/11/2020 09:35:41,Open
270,6789,Which party will win the 2020 House race in Iowa's 2nd District?,https://www.predictit.org/markets/detail/6789/Which-party-will-win-the-2020-House-race-in-Iowa's-2nd-District,23208,Democratic,0.68,0.34,0.66,0.32,09/11/2020 09:37:16,Open
271,6789,Which party will win the 2020 House race in Iowa's 2nd District?,https://www.predictit.org/markets/detail/6789/Which-party-will-win-the-2020-House-race-in-Iowa's-2nd-District,23208,Democratic,0.68,0.34,0.66,0.32,09/11/2020 09:38:53,Open
272,6789,Which party will win the 2020 House race in Iowa's 2nd District?,https://www.predictit.org/markets/detail/6789/Which-party-will-win-the-2020-House-race-in-Iowa's-2nd-District,23208,Democratic,0.68,0.34,0.66,0.32,09/11/2020 09:40:30,Open
273,6789,Which party will win the 2020 House race in Iowa's 2nd District?,https://www.predictit.org/markets/detail/6789/Which-party-will-win-the-2020-House-race-in-Iowa's-2nd-District,23208,Democratic,0.68,0.34,0.66,0.32,09/11/2020 09:42:07,Open
274,6789,Which party will win the 2020 House race in Iowa's 2nd District?,https://www.predictit.org/markets/detail/6789/Which-party-will-win-the-2020-House-race-in-Iowa's-2nd-District,23208,Democratic,0.68,0.34,0.66,0.32,09/11/2020 09:43:45,Open
275,6789,Which party will win the 2020 House race in Iowa's 2nd District?,https://www.predictit.org/markets/detail/6789/Which-party-will-win-the-2020-House-race-in-Iowa's-2nd-District,23208,Democratic,0.68,0.34,0.66,0.32,09/11/2020 09:45:23,Open
276,6789,Which party will win the 2020 House race in Iowa's 2nd District?,https://www.predictit.org/markets/detail/6789/Which-party-will-win-the-2020-House-race-in-Iowa's-2nd-District,23208,Democratic,0.68,0.34,0.66,0.32,09/11/2020 09:46:59,Open
277,6789,Which party will win the 2020 House race in Iowa's 2nd District?,https://www.predictit.org/markets/detail/6789/Which-party-will-win-the-2020-House-race-in-Iowa's-2nd-District,23208,Democratic,0.68,0.34,0.66,0.32,09/11/2020 09:48:37,Open
278,6789,Which party will win the 2020 House race in Iowa's 2nd District?,https://www.predictit.org/markets/detail/6789/Which-party-will-win-the-2020-House-race-in-Iowa's-2nd-District,23208,Democratic,0.68,0.34,0.66,0.32,09/11/2020 09:50:15,Open
279,6789,Which party will win the 2020 House race in Iowa's 2nd District?,https://www.predictit.org/markets/detail/6789/Which-party-will-win-the-2020-House-race-in-Iowa's-2nd-District,23208,Democratic,0.68,0.34,0.66,0.32,09/11/2020 09:51:51,Open
280,6789,Which party will win the 2020 House race in Iowa's 2nd District?,https://www.predictit.org/markets/detail/6789/Which-party-will-win-the-2020-House-race-in-Iowa's-2nd-District,23208,Democratic,0.68,0.34,0.66,0.32,09/11/2020 09:53:28,Open
281,6789,Which party will win the 2020 House race in Iowa's 2nd District?,https://www.predictit.org/markets/detail/6789/Which-party-will-win-the-2020-House-race-in-Iowa's-2nd-District,23208,Democratic,0.68,0.34,0.66,0.32,09/11/2020 09:55:07,Open
282,6789,Which party will win the 2020 House race in Iowa's 2nd District?,https://www.predictit.org/markets/detail/6789/Which-party-will-win-the-2020-House-race-in-Iowa's-2nd-District,23208,Democratic,0.68,0.34,0.66,0.32,09/11/2020 09:56:43,Open
283,6789,Which party will win the 2020 House race in Iowa's 2nd District?,https://www.predictit.org/markets/detail/6789/Which-party-will-win-the-2020-House-race-in-Iowa's-2nd-District,23208,Democratic,0.68,0.34,0.66,0.32,09/11/2020 09:58:19,Open
284,6789,Which party will win the 2020 House race in Iowa's 2nd District?,https://www.predictit.org/markets/detail/6789/Which-party-will-win-the-2020-House-race-in-Iowa's-2nd-District,23208,Democratic,0.68,0.34,0.66,0.32,09/11/2020 09:59:58,Open
285,6789,Which party will win the 2020 House race in Iowa's 2nd District?,https://www.predictit.org/markets/detail/6789/Which-party-will-win-the-2020-House-race-in-Iowa's-2nd-District,23208,Democratic,0.68,0.34,0.66,0.32,09/11/2020 10:01:35,Open
286,6789,Which party will win the 2020 House race in Iowa's 2nd District?,https://www.predictit.org/markets/detail/6789/Which-party-will-win-the-2020-House-race-in-Iowa's-2nd-District,23208,Democratic,0.68,0.34,0.66,0.32,09/11/2020 10:03:12,Open
287,6789,Which party will win the 2020 House race in Iowa's 2nd District?,https://www.predictit.org/markets/detail/6789/Which-party-will-win-the-2020-House-race-in-Iowa's-2nd-District,23208,Democratic,0.68,0.34,0.66,0.32,09/11/2020 10:04:49,Open
288,6789,Which party will win the 2020 House race in Iowa's 2nd District?,https://www.predictit.org/markets/detail/6789/Which-party-will-win-the-2020-House-race-in-Iowa's-2nd-District,23208,Democratic,0.68,0.34,0.66,0.32,09/11/2020 10:06:30,Open
289,6789,Which party will win the 2020 House race in Iowa's 2nd District?,https://www.predictit.org/markets/detail/6789/Which-party-will-win-the-2020-House-race-in-Iowa's-2nd-District,23208,Democratic,0.68,0.34,0.66,0.32,09/11/2020 10:08:07,Open
290,6789,Which party will win the 2020 House race in Iowa's 2nd District?,https://www.predictit.org/markets/detail/6789/Which-party-will-win-the-2020-House-race-in-Iowa's-2nd-District,23208,Democratic,0.68,0.34,0.66,0.32,09/11/2020 10:09:43,Open
291,6789,Which party will win the 2020 House race in Iowa's 2nd District?,https://www.predictit.org/markets/detail/6789/Which-party-will-win-the-2020-House-race-in-Iowa's-2nd-District,23208,Democratic,0.68,0.34,0.66,0.32,09/11/2020 10:11:22,Open
292,6789,Which party will win the 2020 House race in Iowa's 2nd District?,https://www.predictit.org/markets/detail/6789/Which-party-will-win-the-2020-House-race-in-Iowa's-2nd-District,23208,Democratic,0.68,0.34,0.66,0.32,09/11/2020 10:12:59,Open
293,6789,Which party will win the 2020 House race in Iowa's 2nd District?,https://www.predictit.org/markets/detail/6789/Which-party-will-win-the-2020-House-race-in-Iowa's-2nd-District,23208,Democratic,0.68,0.34,0.66,0.32,09/11/2020 10:14:38,Open
294,6789,Which party will win the 2020 House race in Iowa's 2nd District?,https://www.predictit.org/markets/detail/6789/Which-party-will-win-the-2020-House-race-in-Iowa's-2nd-District,23208,Democratic,0.68,0.34,0.66,0.32,09/11/2020 10:16:16,Open
295,6789,Which party will win the 2020 House race in Iowa's 2nd District?,https://www.predictit.org/markets/detail/6789/Which-party-will-win-the-2020-House-race-in-Iowa's-2nd-District,23208,Democratic,0.68,0.34,0.66,0.32,09/11/2020 10:17:54,Open
296,6789,Which party will win the 2020 House race in Iowa's 2nd District?,https://www.predictit.org/markets/detail/6789/Which-party-will-win-the-2020-House-race-in-Iowa's-2nd-District,23208,Democratic,0.68,0.34,0.66,0.32,09/11/2020 10:19:33,Open
297,6789,Which party will win the 2020 House race in Iowa's 2nd District?,https://www.predictit.org/markets/detail/6789/Which-party-will-win-the-2020-House-race-in-Iowa's-2nd-District,23208,Democratic,0.68,0.34,0.66,0.32,09/11/2020 10:21:10,Open
298,6789,Which party will win the 2020 House race in Iowa's 2nd District?,https://www.predictit.org/markets/detail/6789/Which-party-will-win-the-2020-House-race-in-Iowa's-2nd-District,23208,Democratic,0.68,0.34,0.66,0.32,09/11/2020 10:22:50,Open
299,6789,Which party will win the 2020 House race in Iowa's 2nd District?,https://www.predictit.org/markets/detail/6789/Which-party-will-win-the-2020-House-race-in-Iowa's-2nd-District,23208,Democratic,0.68,0.34,0.66,0.32,09/11/2020 10:24:27,Open
300,6789,Which party will win the 2020 House race in Iowa's 2nd District?,https://www.predictit.org/markets/detail/6789/Which-party-will-win-the-2020-House-race-in-Iowa's-2nd-District,23208,Democratic,0.68,0.34,0.66,0.32,09/11/2020 10:26:05,Open
301,6789,Which party will win the 2020 House race in Iowa's 2nd District?,https://www.predictit.org/markets/detail/6789/Which-party-will-win-the-2020-House-race-in-Iowa's-2nd-District,23208,Democratic,0.68,0.34,0.66,0.32,09/11/2020 10:27:44,Open
302,6789,Which party will win the 2020 House race in Iowa's 2nd District?,https://www.predictit.org/markets/detail/6789/Which-party-will-win-the-2020-House-race-in-Iowa's-2nd-District,23208,Democratic,0.68,0.34,0.66,0.32,09/11/2020 10:29:23,Open
303,6789,Which party will win the 2020 House race in Iowa's 2nd District?,https://www.predictit.org/markets/detail/6789/Which-party-will-win-the-2020-House-race-in-Iowa's-2nd-District,23208,Democratic,0.68,0.34,0.66,0.32,09/11/2020 10:31:02,Open
304,6789,Which party will win the 2020 House race in Iowa's 2nd District?,https://www.predictit.org/markets/detail/6789/Which-party-will-win-the-2020-House-race-in-Iowa's-2nd-District,23208,Democratic,0.68,0.34,0.66,0.32,09/11/2020 10:32:41,Open
305,6789,Which party will win the 2020 House race in Iowa's 2nd District?,https://www.predictit.org/markets/detail/6789/Which-party-will-win-the-2020-House-race-in-Iowa's-2nd-District,23208,Democratic,0.68,0.34,0.66,0.32,09/11/2020 10:34:20,Open
306,6789,Which party will win the 2020 House race in Iowa's 2nd District?,https://www.predictit.org/markets/detail/6789/Which-party-will-win-the-2020-House-race-in-Iowa's-2nd-District,23208,Democratic,0.68,0.34,0.66,0.32,09/11/2020 10:35:57,Open
307,6789,Which party will win the 2020 House race in Iowa's 2nd District?,https://www.predictit.org/markets/detail/6789/Which-party-will-win-the-2020-House-race-in-Iowa's-2nd-District,23208,Democratic,0.68,0.34,0.66,0.32,09/11/2020 10:37:35,Open
308,6789,Which party will win the 2020 House race in Iowa's 2nd District?,https://www.predictit.org/markets/detail/6789/Which-party-will-win-the-2020-House-race-in-Iowa's-2nd-District,23208,Democratic,0.68,0.34,0.66,0.32,09/11/2020 10:39:14,Open
309,6789,Which party will win the 2020 House race in Iowa's 2nd District?,https://www.predictit.org/markets/detail/6789/Which-party-will-win-the-2020-House-race-in-Iowa's-2nd-District,23208,Democratic,0.68,0.34,0.66,0.32,09/11/2020 10:40:51,Open
310,6789,Which party will win the 2020 House race in Iowa's 2nd District?,https://www.predictit.org/markets/detail/6789/Which-party-will-win-the-2020-House-race-in-Iowa's-2nd-District,23208,Democratic,0.68,0.34,0.66,0.32,09/11/2020 10:42:30,Open
311,6789,Which party will win the 2020 House race in Iowa's 2nd District?,https://www.predictit.org/markets/detail/6789/Which-party-will-win-the-2020-House-race-in-Iowa's-2nd-District,23208,Democratic,0.68,0.34,0.66,0.32,09/11/2020 10:44:09,Open
312,6789,Which party will win the 2020 House race in Iowa's 2nd District?,https://www.predictit.org/markets/detail/6789/Which-party-will-win-the-2020-House-race-in-Iowa's-2nd-District,23208,Democratic,0.68,0.34,0.66,0.32,09/11/2020 10:45:47,Open
313,6789,Which party will win the 2020 House race in Iowa's 2nd District?,https://www.predictit.org/markets/detail/6789/Which-party-will-win-the-2020-House-race-in-Iowa's-2nd-District,23208,Democratic,0.68,0.34,0.66,0.32,09/11/2020 10:47:25,Open
314,6789,Which party will win the 2020 House race in Iowa's 2nd District?,https://www.predictit.org/markets/detail/6789/Which-party-will-win-the-2020-House-race-in-Iowa's-2nd-District,23208,Democratic,0.68,0.34,0.66,0.32,09/11/2020 10:49:03,Open
315,6789,Which party will win the 2020 House race in Iowa's 2nd District?,https://www.predictit.org/markets/detail/6789/Which-party-will-win-the-2020-House-race-in-Iowa's-2nd-District,23208,Democratic,0.68,0.34,0.66,0.32,09/11/2020 10:50:42,Open
316,6789,Which party will win the 2020 House race in Iowa's 2nd District?,https://www.predictit.org/markets/detail/6789/Which-party-will-win-the-2020-House-race-in-Iowa's-2nd-District,23208,Democratic,0.68,0.34,0.66,0.32,09/11/2020 10:52:22,Open
317,6789,Which party will win the 2020 House race in Iowa's 2nd District?,https://www.predictit.org/markets/detail/6789/Which-party-will-win-the-2020-House-race-in-Iowa's-2nd-District,23208,Democratic,0.68,0.34,0.66,0.32,09/11/2020 10:54:01,Open
318,6789,Which party will win the 2020 House race in Iowa's 2nd District?,https://www.predictit.org/markets/detail/6789/Which-party-will-win-the-2020-House-race-in-Iowa's-2nd-District,23208,Democratic,0.68,0.34,0.66,0.32,09/11/2020 10:55:39,Open
319,6789,Which party will win the 2020 House race in Iowa's 2nd District?,https://www.predictit.org/markets/detail/6789/Which-party-will-win-the-2020-House-race-in-Iowa's-2nd-District,23208,Democratic,0.68,0.34,0.66,0.32,09/11/2020 10:57:19,Open
320,6789,Which party will win the 2020 House race in Iowa's 2nd District?,https://www.predictit.org/markets/detail/6789/Which-party-will-win-the-2020-House-race-in-Iowa's-2nd-District,23208,Democratic,0.68,0.34,0.66,0.32,09/11/2020 10:58:58,Open
321,6789,Which party will win the 2020 House race in Iowa's 2nd District?,https://www.predictit.org/markets/detail/6789/Which-party-will-win-the-2020-House-race-in-Iowa's-2nd-District,23208,Democratic,0.68,0.34,0.66,0.32,09/11/2020 11:00:39,Open
322,6789,Which party will win the 2020 House race in Iowa's 2nd District?,https://www.predictit.org/markets/detail/6789/Which-party-will-win-the-2020-House-race-in-Iowa's-2nd-District,23208,Democratic,0.68,0.34,0.66,0.32,09/11/2020 11:02:19,Open
323,6789,Which party will win the 2020 House race in Iowa's 2nd District?,https://www.predictit.org/markets/detail/6789/Which-party-will-win-the-2020-House-race-in-Iowa's-2nd-District,23208,Democratic,0.68,0.34,0.66,0.32,09/11/2020 11:03:58,Open
324,6789,Which party will win the 2020 House race in Iowa's 2nd District?,https://www.predictit.org/markets/detail/6789/Which-party-will-win-the-2020-House-race-in-Iowa's-2nd-District,23208,Democratic,0.68,0.34,0.66,0.32,09/11/2020 11:05:38,Open
325,6789,Which party will win the 2020 House race in Iowa's 2nd District?,https://www.predictit.org/markets/detail/6789/Which-party-will-win-the-2020-House-race-in-Iowa's-2nd-District,23208,Democratic,0.68,0.34,0.66,0.32,09/11/2020 11:07:17,Open
326,6789,Which party will win the 2020 House race in Iowa's 2nd District?,https://www.predictit.org/markets/detail/6789/Which-party-will-win-the-2020-House-race-in-Iowa's-2nd-District,23208,Democratic,0.68,0.34,0.66,0.32,09/11/2020 11:08:56,Open
327,6789,Which party will win the 2020 House race in Iowa's 2nd District?,https://www.predictit.org/markets/detail/6789/Which-party-will-win-the-2020-House-race-in-Iowa's-2nd-District,23208,Democratic,0.68,0.34,0.66,0.32,09/11/2020 11:10:36,Open
328,6789,Which party will win the 2020 House race in Iowa's 2nd District?,https://www.predictit.org/markets/detail/6789/Which-party-will-win-the-2020-House-race-in-Iowa's-2nd-District,23208,Democratic,0.68,0.34,0.66,0.32,09/11/2020 11:12:14,Open
329,6789,Which party will win the 2020 House race in Iowa's 2nd District?,https://www.predictit.org/markets/detail/6789/Which-party-will-win-the-2020-House-race-in-Iowa's-2nd-District,23208,Democratic,0.68,0.34,0.66,0.32,09/11/2020 11:13:53,Open
330,6789,Which party will win the 2020 House race in Iowa's 2nd District?,https://www.predictit.org/markets/detail/6789/Which-party-will-win-the-2020-House-race-in-Iowa's-2nd-District,23208,Democratic,0.68,0.34,0.66,0.32,09/11/2020 11:15:32,Open
331,6789,Which party will win the 2020 House race in Iowa's 2nd District?,https://www.predictit.org/markets/detail/6789/Which-party-will-win-the-2020-House-race-in-Iowa's-2nd-District,23208,Democratic,0.68,0.34,0.66,0.32,09/11/2020 11:17:14,Open
332,6789,Which party will win the 2020 House race in Iowa's 2nd District?,https://www.predictit.org/markets/detail/6789/Which-party-will-win-the-2020-House-race-in-Iowa's-2nd-District,23208,Democratic,0.68,0.34,0.66,0.32,09/11/2020 11:18:54,Open
333,6789,Which party will win the 2020 House race in Iowa's 2nd District?,https://www.predictit.org/markets/detail/6789/Which-party-will-win-the-2020-House-race-in-Iowa's-2nd-District,23208,Democratic,0.68,0.34,0.66,0.32,09/11/2020 11:20:35,Open
334,6789,Which party will win the 2020 House race in Iowa's 2nd District?,https://www.predictit.org/markets/detail/6789/Which-party-will-win-the-2020-House-race-in-Iowa's-2nd-District,23208,Democratic,0.68,0.34,0.66,0.32,09/11/2020 11:22:19,Open
335,6789,Which party will win the 2020 House race in Iowa's 2nd District?,https://www.predictit.org/markets/detail/6789/Which-party-will-win-the-2020-House-race-in-Iowa's-2nd-District,23208,Democratic,0.68,0.34,0.66,0.32,09/11/2020 11:24:01,Open
336,6789,Which party will win the 2020 House race in Iowa's 2nd District?,https://www.predictit.org/markets/detail/6789/Which-party-will-win-the-2020-House-race-in-Iowa's-2nd-District,23208,Democratic,0.68,0.34,0.66,0.32,09/11/2020 11:25:41,Open
337,6789,Which party will win the 2020 House race in Iowa's 2nd District?,https://www.predictit.org/markets/detail/6789/Which-party-will-win-the-2020-House-race-in-Iowa's-2nd-District,23208,Democratic,0.68,0.34,0.66,0.32,09/11/2020 11:27:23,Open
338,6789,Which party will win the 2020 House race in Iowa's 2nd District?,https://www.predictit.org/markets/detail/6789/Which-party-will-win-the-2020-House-race-in-Iowa's-2nd-District,23208,Democratic,0.68,0.34,0.66,0.32,09/11/2020 11:29:05,Open
339,6789,Which party will win the 2020 House race in Iowa's 2nd District?,https://www.predictit.org/markets/detail/6789/Which-party-will-win-the-2020-House-race-in-Iowa's-2nd-District,23208,Democratic,0.68,0.34,0.66,0.32,09/11/2020 11:30:47,Open
340,6789,Which party will win the 2020 House race in Iowa's 2nd District?,https://www.predictit.org/markets/detail/6789/Which-party-will-win-the-2020-House-race-in-Iowa's-2nd-District,23208,Democratic,0.68,0.34,0.66,0.32,09/11/2020 11:32:32,Open
341,6789,Which party will win the 2020 House race in Iowa's 2nd District?,https://www.predictit.org/markets/detail/6789/Which-party-will-win-the-2020-House-race-in-Iowa's-2nd-District,23208,Democratic,0.68,0.34,0.66,0.32,09/11/2020 11:34:15,Open
342,6789,Which party will win the 2020 House race in Iowa's 2nd District?,https://www.predictit.org/markets/detail/6789/Which-party-will-win-the-2020-House-race-in-Iowa's-2nd-District,23208,Democratic,0.68,0.34,0.66,0.32,09/11/2020 11:35:58,Open
343,6789,Which party will win the 2020 House race in Iowa's 2nd District?,https://www.predictit.org/markets/detail/6789/Which-party-will-win-the-2020-House-race-in-Iowa's-2nd-District,23208,Democratic,0.68,0.34,0.66,0.32,09/11/2020 11:37:41,Open
344,6789,Which party will win the 2020 House race in Iowa's 2nd District?,https://www.predictit.org/markets/detail/6789/Which-party-will-win-the-2020-House-race-in-Iowa's-2nd-District,23208,Democratic,0.68,0.34,0.66,0.32,09/11/2020 11:39:23,Open
345,6789,Which party will win the 2020 House race in Iowa's 2nd District?,https://www.predictit.org/markets/detail/6789/Which-party-will-win-the-2020-House-race-in-Iowa's-2nd-District,23208,Democratic,0.68,0.34,0.66,0.32,09/11/2020 11:41:04,Open
346,6789,Which party will win the 2020 House race in Iowa's 2nd District?,https://www.predictit.org/markets/detail/6789/Which-party-will-win-the-2020-House-race-in-Iowa's-2nd-District,23208,Democratic,0.68,0.34,0.66,0.32,09/11/2020 11:42:47,Open
347,6789,Which party will win the 2020 House race in Iowa's 2nd District?,https://www.predictit.org/markets/detail/6789/Which-party-will-win-the-2020-House-race-in-Iowa's-2nd-District,23208,Democratic,0.68,0.34,0.66,0.32,09/11/2020 11:44:33,Open
348,6789,Which party will win the 2020 House race in Iowa's 2nd District?,https://www.predictit.org/markets/detail/6789/Which-party-will-win-the-2020-House-race-in-Iowa's-2nd-District,23208,Democratic,0.68,0.34,0.66,0.32,09/11/2020 11:46:15,Open
349,6789,Which party will win the 2020 House race in Iowa's 2nd District?,https://www.predictit.org/markets/detail/6789/Which-party-will-win-the-2020-House-race-in-Iowa's-2nd-District,23208,Democratic,0.68,0.34,0.66,0.32,09/11/2020 11:47:58,Open
350,6789,Which party will win the 2020 House race in Iowa's 2nd District?,https://www.predictit.org/markets/detail/6789/Which-party-will-win-the-2020-House-race-in-Iowa's-2nd-District,23208,Democratic,0.68,0.34,0.66,0.32,09/11/2020 11:49:47,Open
351,6789,Which party will win the 2020 House race in Iowa's 2nd District?,https://www.predictit.org/markets/detail/6789/Which-party-will-win-the-2020-House-race-in-Iowa's-2nd-District,23208,Democratic,0.68,0.34,0.66,0.32,09/11/2020 11:51:29,Open
352,6789,Which party will win the 2020 House race in Iowa's 2nd District?,https://www.predictit.org/markets/detail/6789/Which-party-will-win-the-2020-House-race-in-Iowa's-2nd-District,23208,Democratic,0.68,0.34,0.66,0.32,09/11/2020 11:53:11,Open
353,6789,Which party will win the 2020 House race in Iowa's 2nd District?,https://www.predictit.org/markets/detail/6789/Which-party-will-win-the-2020-House-race-in-Iowa's-2nd-District,23208,Democratic,0.68,0.34,0.66,0.32,09/11/2020 11:54:59,Open
354,6789,Which party will win the 2020 House race in Iowa's 2nd District?,https://www.predictit.org/markets/detail/6789/Which-party-will-win-the-2020-House-race-in-Iowa's-2nd-District,23208,Democratic,0.68,0.34,0.66,0.32,09/11/2020 11:56:40,Open
355,6789,Which party will win the 2020 House race in Iowa's 2nd District?,https://www.predictit.org/markets/detail/6789/Which-party-will-win-the-2020-House-race-in-Iowa's-2nd-District,23208,Democratic,0.68,0.34,0.66,0.32,09/11/2020 11:58:22,Open
356,6789,Which party will win the 2020 House race in Iowa's 2nd District?,https://www.predictit.org/markets/detail/6789/Which-party-will-win-the-2020-House-race-in-Iowa's-2nd-District,23208,Democratic,0.68,0.34,0.66,0.32,09/11/2020 12:00:09,Open
357,6789,Which party will win the 2020 House race in Iowa's 2nd District?,https://www.predictit.org/markets/detail/6789/Which-party-will-win-the-2020-House-race-in-Iowa's-2nd-District,23208,Democratic,0.68,0.34,0.66,0.32,09/11/2020 12:01:52,Open
358,6789,Which party will win the 2020 House race in Iowa's 2nd District?,https://www.predictit.org/markets/detail/6789/Which-party-will-win-the-2020-House-race-in-Iowa's-2nd-District,23208,Democratic,0.68,0.34,0.66,0.32,09/11/2020 12:03:34,Open
359,6789,Which party will win the 2020 House race in Iowa's 2nd District?,https://www.predictit.org/markets/detail/6789/Which-party-will-win-the-2020-House-race-in-Iowa's-2nd-District,23208,Democratic,0.68,0.34,0.66,0.32,09/11/2020 12:05:18,Open
360,6789,Which party will win the 2020 House race in Iowa's 2nd District?,https://www.predictit.org/markets/detail/6789/Which-party-will-win-the-2020-House-race-in-Iowa's-2nd-District,23208,Democratic,0.68,0.34,0.66,0.32,09/11/2020 12:07:00,Open
361,6789,Which party will win the 2020 House race in Iowa's 2nd District?,https://www.predictit.org/markets/detail/6789/Which-party-will-win-the-2020-House-race-in-Iowa's-2nd-District,23208,Democratic,0.68,0.34,0.66,0.32,09/11/2020 12:08:40,Open
362,6789,Which party will win the 2020 House race in Iowa's 2nd District?,https://www.predictit.org/markets/detail/6789/Which-party-will-win-the-2020-House-race-in-Iowa's-2nd-District,23208,Democratic,0.68,0.34,0.66,0.32,09/11/2020 12:10:24,Open
363,6789,Which party will win the 2020 House race in Iowa's 2nd District?,https://www.predictit.org/markets/detail/6789/Which-party-will-win-the-2020-House-race-in-Iowa's-2nd-District,23208,Democratic,0.68,0.34,0.66,0.32,09/11/2020 12:12:05,Open
364,6789,Which party will win the 2020 House race in Iowa's 2nd District?,https://www.predictit.org/markets/detail/6789/Which-party-will-win-the-2020-House-race-in-Iowa's-2nd-District,23208,Democratic,0.68,0.34,0.66,0.32,09/11/2020 12:13:45,Open
365,6789,Which party will win the 2020 House race in Iowa's 2nd District?,https://www.predictit.org/markets/detail/6789/Which-party-will-win-the-2020-House-race-in-Iowa's-2nd-District,23208,Democratic,0.68,0.34,0.66,0.32,09/11/2020 12:15:30,Open
366,6789,Which party will win the 2020 House race in Iowa's 2nd District?,https://www.predictit.org/markets/detail/6789/Which-party-will-win-the-2020-House-race-in-Iowa's-2nd-District,23208,Democratic,0.68,0.34,0.66,0.32,09/11/2020 12:17:11,Open
367,6789,Which party will win the 2020 House race in Iowa's 2nd District?,https://www.predictit.org/markets/detail/6789/Which-party-will-win-the-2020-House-race-in-Iowa's-2nd-District,23208,Democratic,0.68,0.34,0.66,0.32,09/11/2020 12:18:53,Open
368,6789,Which party will win the 2020 House race in Iowa's 2nd District?,https://www.predictit.org/markets/detail/6789/Which-party-will-win-the-2020-House-race-in-Iowa's-2nd-District,23208,Democratic,0.68,0.34,0.66,0.32,09/11/2020 12:20:36,Open
369,6789,Which party will win the 2020 House race in Iowa's 2nd District?,https://www.predictit.org/markets/detail/6789/Which-party-will-win-the-2020-House-race-in-Iowa's-2nd-District,23208,Democratic,0.68,0.34,0.66,0.32,09/11/2020 12:22:19,Open
370,6789,Which party will win the 2020 House race in Iowa's 2nd District?,https://www.predictit.org/markets/detail/6789/Which-party-will-win-the-2020-House-race-in-Iowa's-2nd-District,23208,Democratic,0.68,0.34,0.66,0.32,09/11/2020 12:24:00,Open
371,6789,Which party will win the 2020 House race in Iowa's 2nd District?,https://www.predictit.org/markets/detail/6789/Which-party-will-win-the-2020-House-race-in-Iowa's-2nd-District,23208,Democratic,0.68,0.34,0.66,0.32,09/11/2020 12:25:42,Open
372,6789,Which party will win the 2020 House race in Iowa's 2nd District?,https://www.predictit.org/markets/detail/6789/Which-party-will-win-the-2020-House-race-in-Iowa's-2nd-District,23208,Democratic,0.68,0.34,0.66,0.32,09/11/2020 12:27:29,Open
373,6789,Which party will win the 2020 House race in Iowa's 2nd District?,https://www.predictit.org/markets/detail/6789/Which-party-will-win-the-2020-House-race-in-Iowa's-2nd-District,23208,Democratic,0.68,0.34,0.66,0.32,09/11/2020 12:29:11,Open
374,6789,Which party will win the 2020 House race in Iowa's 2nd District?,https://www.predictit.org/markets/detail/6789/Which-party-will-win-the-2020-House-race-in-Iowa's-2nd-District,23208,Democratic,0.68,0.34,0.66,0.32,09/11/2020 12:30:54,Open
375,6789,Which party will win the 2020 House race in Iowa's 2nd District?,https://www.predictit.org/markets/detail/6789/Which-party-will-win-the-2020-House-race-in-Iowa's-2nd-District,23208,Democratic,0.68,0.34,0.66,0.32,09/11/2020 12:32:37,Open
376,6789,Which party will win the 2020 House race in Iowa's 2nd District?,https://www.predictit.org/markets/detail/6789/Which-party-will-win-the-2020-House-race-in-Iowa's-2nd-District,23208,Democratic,0.68,0.34,0.66,0.32,09/11/2020 12:34:20,Open
377,6789,Which party will win the 2020 House race in Iowa's 2nd District?,https://www.predictit.org/markets/detail/6789/Which-party-will-win-the-2020-House-race-in-Iowa's-2nd-District,23208,Democratic,0.68,0.34,0.66,0.32,09/11/2020 12:36:03,Open
378,6789,Which party will win the 2020 House race in Iowa's 2nd District?,https://www.predictit.org/markets/detail/6789/Which-party-will-win-the-2020-House-race-in-Iowa's-2nd-District,23208,Democratic,0.68,0.34,0.66,0.32,09/11/2020 12:37:48,Open
379,6789,Which party will win the 2020 House race in Iowa's 2nd District?,https://www.predictit.org/markets/detail/6789/Which-party-will-win-the-2020-House-race-in-Iowa's-2nd-District,23208,Democratic,0.68,0.34,0.66,0.32,09/11/2020 12:39:30,Open
380,6789,Which party will win the 2020 House race in Iowa's 2nd District?,https://www.predictit.org/markets/detail/6789/Which-party-will-win-the-2020-House-race-in-Iowa's-2nd-District,23208,Democratic,0.68,0.34,0.66,0.32,09/11/2020 12:41:13,Open
381,6789,Which party will win the 2020 House race in Iowa's 2nd District?,https://www.predictit.org/markets/detail/6789/Which-party-will-win-the-2020-House-race-in-Iowa's-2nd-District,23208,Democratic,0.68,0.34,0.66,0.32,09/11/2020 12:42:59,Open
382,6789,Which party will win the 2020 House race in Iowa's 2nd District?,https://www.predictit.org/markets/detail/6789/Which-party-will-win-the-2020-House-race-in-Iowa's-2nd-District,23208,Democratic,0.68,0.34,0.66,0.32,09/11/2020 12:44:43,Open
383,6789,Which party will win the 2020 House race in Iowa's 2nd District?,https://www.predictit.org/markets/detail/6789/Which-party-will-win-the-2020-House-race-in-Iowa's-2nd-District,23208,Democratic,0.68,0.34,0.66,0.32,09/11/2020 12:46:27,Open
384,6789,Which party will win the 2020 House race in Iowa's 2nd District?,https://www.predictit.org/markets/detail/6789/Which-party-will-win-the-2020-House-race-in-Iowa's-2nd-District,23208,Democratic,0.68,0.34,0.66,0.32,09/11/2020 12:48:14,Open
385,6789,Which party will win the 2020 House race in Iowa's 2nd District?,https://www.predictit.org/markets/detail/6789/Which-party-will-win-the-2020-House-race-in-Iowa's-2nd-District,23208,Democratic,0.68,0.34,0.66,0.32,09/11/2020 12:49:57,Open
386,6789,Which party will win the 2020 House race in Iowa's 2nd District?,https://www.predictit.org/markets/detail/6789/Which-party-will-win-the-2020-House-race-in-Iowa's-2nd-District,23208,Democratic,0.68,0.34,0.66,0.32,09/11/2020 12:51:41,Open
387,6789,Which party will win the 2020 House race in Iowa's 2nd District?,https://www.predictit.org/markets/detail/6789/Which-party-will-win-the-2020-House-race-in-Iowa's-2nd-District,23208,Democratic,0.68,0.34,0.66,0.32,09/11/2020 12:53:25,Open
388,6789,Which party will win the 2020 House race in Iowa's 2nd District?,https://www.predictit.org/markets/detail/6789/Which-party-will-win-the-2020-House-race-in-Iowa's-2nd-District,23208,Democratic,0.68,0.34,0.66,0.32,09/11/2020 12:55:09,Open
389,6789,Which party will win the 2020 House race in Iowa's 2nd District?,https://www.predictit.org/markets/detail/6789/Which-party-will-win-the-2020-House-race-in-Iowa's-2nd-District,23208,Democratic,0.68,0.34,0.66,0.32,09/11/2020 12:56:53,Open
390,6789,Which party will win the 2020 House race in Iowa's 2nd District?,https://www.predictit.org/markets/detail/6789/Which-party-will-win-the-2020-House-race-in-Iowa's-2nd-District,23208,Democratic,0.68,0.34,0.66,0.32,09/11/2020 12:58:38,Open
391,6789,Which party will win the 2020 House race in Iowa's 2nd District?,https://www.predictit.org/markets/detail/6789/Which-party-will-win-the-2020-House-race-in-Iowa's-2nd-District,23208,Democratic,0.68,0.34,0.66,0.32,09/11/2020 13:00:25,Open
392,6789,Which party will win the 2020 House race in Iowa's 2nd District?,https://www.predictit.org/markets/detail/6789/Which-party-will-win-the-2020-House-race-in-Iowa's-2nd-District,23208,Democratic,0.68,0.34,0.66,0.32,09/11/2020 13:02:10,Open
393,6789,Which party will win the 2020 House race in Iowa's 2nd District?,https://www.predictit.org/markets/detail/6789/Which-party-will-win-the-2020-House-race-in-Iowa's-2nd-District,23208,Democratic,0.68,0.34,0.66,0.32,09/11/2020 13:03:55,Open
394,6789,Which party will win the 2020 House race in Iowa's 2nd District?,https://www.predictit.org/markets/detail/6789/Which-party-will-win-the-2020-House-race-in-Iowa's-2nd-District,23208,Democratic,0.68,0.34,0.66,0.32,09/11/2020 13:05:42,Open
395,6789,Which party will win the 2020 House race in Iowa's 2nd District?,https://www.predictit.org/markets/detail/6789/Which-party-will-win-the-2020-House-race-in-Iowa's-2nd-District,23208,Democratic,0.68,0.34,0.66,0.32,09/11/2020 13:07:30,Open
396,6789,Which party will win the 2020 House race in Iowa's 2nd District?,https://www.predictit.org/markets/detail/6789/Which-party-will-win-the-2020-House-race-in-Iowa's-2nd-District,23208,Democratic,0.68,0.34,0.66,0.32,09/11/2020 13:09:15,Open
397,6789,Which party will win the 2020 House race in Iowa's 2nd District?,https://www.predictit.org/markets/detail/6789/Which-party-will-win-the-2020-House-race-in-Iowa's-2nd-District,23208,Democratic,0.68,0.34,0.66,0.32,09/11/2020 13:11:03,Open
398,6789,Which party will win the 2020 House race in Iowa's 2nd District?,https://www.predictit.org/markets/detail/6789/Which-party-will-win-the-2020-House-race-in-Iowa's-2nd-District,23208,Democratic,0.68,0.34,0.66,0.32,09/11/2020 13:12:48,Open
399,6789,Which party will win the 2020 House race in Iowa's 2nd District?,https://www.predictit.org/markets/detail/6789/Which-party-will-win-the-2020-House-race-in-Iowa's-2nd-District,23208,Democratic,0.68,0.34,0.66,0.32,09/11/2020 13:14:33,Open
400,6789,Which party will win the 2020 House race in Iowa's 2nd District?,https://www.predictit.org/markets/detail/6789/Which-party-will-win-the-2020-House-race-in-Iowa's-2nd-District,23208,Democratic,0.68,0.34,0.66,0.32,09/11/2020 13:16:18,Open
401,6789,Which party will win the 2020 House race in Iowa's 2nd District?,https://www.predictit.org/markets/detail/6789/Which-party-will-win-the-2020-House-race-in-Iowa's-2nd-District,23208,Democratic,0.68,0.34,0.66,0.32,09/11/2020 13:18:02,Open
402,6789,Which party will win the 2020 House race in Iowa's 2nd District?,https://www.predictit.org/markets/detail/6789/Which-party-will-win-the-2020-House-race-in-Iowa's-2nd-District,23208,Democratic,0.68,0.34,0.66,0.32,09/11/2020 13:19:46,Open
403,6789,Which party will win the 2020 House race in Iowa's 2nd District?,https://www.predictit.org/markets/detail/6789/Which-party-will-win-the-2020-House-race-in-Iowa's-2nd-District,23208,Democratic,0.68,0.34,0.66,0.32,09/11/2020 13:21:35,Open
404,6789,Which party will win the 2020 House race in Iowa's 2nd District?,https://www.predictit.org/markets/detail/6789/Which-party-will-win-the-2020-House-race-in-Iowa's-2nd-District,23208,Democratic,0.68,0.34,0.66,0.32,09/11/2020 13:23:19,Open
405,6789,Which party will win the 2020 House race in Iowa's 2nd District?,https://www.predictit.org/markets/detail/6789/Which-party-will-win-the-2020-House-race-in-Iowa's-2nd-District,23208,Democratic,0.68,0.34,0.66,0.32,09/11/2020 13:25:02,Open
406,6789,Which party will win the 2020 House race in Iowa's 2nd District?,https://www.predictit.org/markets/detail/6789/Which-party-will-win-the-2020-House-race-in-Iowa's-2nd-District,23208,Democratic,0.68,0.34,0.66,0.32,09/11/2020 13:26:46,Open
407,6789,Which party will win the 2020 House race in Iowa's 2nd District?,https://www.predictit.org/markets/detail/6789/Which-party-will-win-the-2020-House-race-in-Iowa's-2nd-District,23208,Democratic,0.68,0.34,0.66,0.32,09/11/2020 13:28:29,Open
408,6789,Which party will win the 2020 House race in Iowa's 2nd District?,https://www.predictit.org/markets/detail/6789/Which-party-will-win-the-2020-House-race-in-Iowa's-2nd-District,23208,Democratic,0.68,0.34,0.66,0.32,09/11/2020 13:30:13,Open
409,6789,Which party will win the 2020 House race in Iowa's 2nd District?,https://www.predictit.org/markets/detail/6789/Which-party-will-win-the-2020-House-race-in-Iowa's-2nd-District,23208,Democratic,0.68,0.34,0.66,0.32,09/11/2020 13:31:57,Open
410,6789,Which party will win the 2020 House race in Iowa's 2nd District?,https://www.predictit.org/markets/detail/6789/Which-party-will-win-the-2020-House-race-in-Iowa's-2nd-District,23208,Democratic,0.68,0.34,0.66,0.32,09/11/2020 13:33:41,Open
411,6789,Which party will win the 2020 House race in Iowa's 2nd District?,https://www.predictit.org/markets/detail/6789/Which-party-will-win-the-2020-House-race-in-Iowa's-2nd-District,23208,Democratic,0.68,0.34,0.66,0.32,09/11/2020 13:35:25,Open
412,6789,Which party will win the 2020 House race in Iowa's 2nd District?,https://www.predictit.org/markets/detail/6789/Which-party-will-win-the-2020-House-race-in-Iowa's-2nd-District,23208,Democratic,0.68,0.34,0.66,0.32,09/11/2020 13:37:12,Open
413,6789,Which party will win the 2020 House race in Iowa's 2nd District?,https://www.predictit.org/markets/detail/6789/Which-party-will-win-the-2020-House-race-in-Iowa's-2nd-District,23208,Democratic,0.68,0.34,0.66,0.32,09/11/2020 13:38:57,Open
414,6789,Which party will win the 2020 House race in Iowa's 2nd District?,https://www.predictit.org/markets/detail/6789/Which-party-will-win-the-2020-House-race-in-Iowa's-2nd-District,23208,Democratic,0.68,0.34,0.66,0.32,09/11/2020 13:40:42,Open
415,6789,Which party will win the 2020 House race in Iowa's 2nd District?,https://www.predictit.org/markets/detail/6789/Which-party-will-win-the-2020-House-race-in-Iowa's-2nd-District,23208,Democratic,0.68,0.34,0.66,0.32,09/11/2020 13:42:30,Open
416,6789,Which party will win the 2020 House race in Iowa's 2nd District?,https://www.predictit.org/markets/detail/6789/Which-party-will-win-the-2020-House-race-in-Iowa's-2nd-District,23208,Democratic,0.68,0.34,0.66,0.32,09/11/2020 13:44:15,Open
417,6789,Which party will win the 2020 House race in Iowa's 2nd District?,https://www.predictit.org/markets/detail/6789/Which-party-will-win-the-2020-House-race-in-Iowa's-2nd-District,23208,Democratic,0.68,0.34,0.66,0.32,09/11/2020 13:46:00,Open
418,6789,Which party will win the 2020 House race in Iowa's 2nd District?,https://www.predictit.org/markets/detail/6789/Which-party-will-win-the-2020-House-race-in-Iowa's-2nd-District,23208,Democratic,0.68,0.34,0.66,0.32,09/11/2020 13:47:51,Open
419,6789,Which party will win the 2020 House race in Iowa's 2nd District?,https://www.predictit.org/markets/detail/6789/Which-party-will-win-the-2020-House-race-in-Iowa's-2nd-District,23208,Democratic,0.68,0.34,0.66,0.32,09/11/2020 13:49:36,Open
420,6789,Which party will win the 2020 House race in Iowa's 2nd District?,https://www.predictit.org/markets/detail/6789/Which-party-will-win-the-2020-House-race-in-Iowa's-2nd-District,23208,Democratic,0.68,0.34,0.66,0.32,09/11/2020 13:51:23,Open
421,6789,Which party will win the 2020 House race in Iowa's 2nd District?,https://www.predictit.org/markets/detail/6789/Which-party-will-win-the-2020-House-race-in-Iowa's-2nd-District,23208,Democratic,0.68,0.34,0.66,0.32,09/11/2020 13:53:10,Open
422,6789,Which party will win the 2020 House race in Iowa's 2nd District?,https://www.predictit.org/markets/detail/6789/Which-party-will-win-the-2020-House-race-in-Iowa's-2nd-District,23208,Democratic,0.68,0.34,0.66,0.32,09/11/2020 13:54:55,Open
423,6789,Which party will win the 2020 House race in Iowa's 2nd District?,https://www.predictit.org/markets/detail/6789/Which-party-will-win-the-2020-House-race-in-Iowa's-2nd-District,23208,Democratic,0.68,0.34,0.66,0.32,09/11/2020 13:56:40,Open
424,6789,Which party will win the 2020 House race in Iowa's 2nd District?,https://www.predictit.org/markets/detail/6789/Which-party-will-win-the-2020-House-race-in-Iowa's-2nd-District,23208,Democratic,0.68,0.34,0.66,0.32,09/11/2020 13:58:28,Open
425,6789,Which party will win the 2020 House race in Iowa's 2nd District?,https://www.predictit.org/markets/detail/6789/Which-party-will-win-the-2020-House-race-in-Iowa's-2nd-District,23208,Democratic,0.68,0.34,0.66,0.32,09/11/2020 14:00:14,Open
426,6789,Which party will win the 2020 House race in Iowa's 2nd District?,https://www.predictit.org/markets/detail/6789/Which-party-will-win-the-2020-House-race-in-Iowa's-2nd-District,23208,Democratic,0.68,0.34,0.66,0.32,09/11/2020 14:02:02,Open
427,6789,Which party will win the 2020 House race in Iowa's 2nd District?,https://www.predictit.org/markets/detail/6789/Which-party-will-win-the-2020-House-race-in-Iowa's-2nd-District,23208,Democratic,0.68,0.34,0.66,0.32,09/11/2020 14:03:49,Open
428,6789,Which party will win the 2020 House race in Iowa's 2nd District?,https://www.predictit.org/markets/detail/6789/Which-party-will-win-the-2020-House-race-in-Iowa's-2nd-District,23208,Democratic,0.68,0.34,0.66,0.32,09/11/2020 14:05:35,Open
429,6789,Which party will win the 2020 House race in Iowa's 2nd District?,https://www.predictit.org/markets/detail/6789/Which-party-will-win-the-2020-House-race-in-Iowa's-2nd-District,23208,Democratic,0.68,0.34,0.66,0.32,09/11/2020 14:07:22,Open
430,6789,Which party will win the 2020 House race in Iowa's 2nd District?,https://www.predictit.org/markets/detail/6789/Which-party-will-win-the-2020-House-race-in-Iowa's-2nd-District,23208,Democratic,0.68,0.34,0.66,0.32,09/11/2020 14:09:09,Open
431,6789,Which party will win the 2020 House race in Iowa's 2nd District?,https://www.predictit.org/markets/detail/6789/Which-party-will-win-the-2020-House-race-in-Iowa's-2nd-District,23208,Democratic,0.68,0.34,0.66,0.32,09/11/2020 14:10:57,Open
432,6789,Which party will win the 2020 House race in Iowa's 2nd District?,https://www.predictit.org/markets/detail/6789/Which-party-will-win-the-2020-House-race-in-Iowa's-2nd-District,23208,Democratic,0.68,0.34,0.66,0.32,09/11/2020 14:12:44,Open
433,6789,Which party will win the 2020 House race in Iowa's 2nd District?,https://www.predictit.org/markets/detail/6789/Which-party-will-win-the-2020-House-race-in-Iowa's-2nd-District,23208,Democratic,0.68,0.34,0.66,0.32,09/11/2020 14:14:33,Open
434,6789,Which party will win the 2020 House race in Iowa's 2nd District?,https://www.predictit.org/markets/detail/6789/Which-party-will-win-the-2020-House-race-in-Iowa's-2nd-District,23208,Democratic,0.68,0.34,0.66,0.32,09/11/2020 14:16:20,Open
435,6789,Which party will win the 2020 House race in Iowa's 2nd District?,https://www.predictit.org/markets/detail/6789/Which-party-will-win-the-2020-House-race-in-Iowa's-2nd-District,23208,Democratic,0.68,0.34,0.66,0.32,09/11/2020 14:18:07,Open
436,6789,Which party will win the 2020 House race in Iowa's 2nd District?,https://www.predictit.org/markets/detail/6789/Which-party-will-win-the-2020-House-race-in-Iowa's-2nd-District,23208,Democratic,0.68,0.34,0.66,0.32,09/11/2020 14:19:56,Open
437,6789,Which party will win the 2020 House race in Iowa's 2nd District?,https://www.predictit.org/markets/detail/6789/Which-party-will-win-the-2020-House-race-in-Iowa's-2nd-District,23208,Democratic,0.68,0.34,0.66,0.32,09/11/2020 14:21:42,Open
438,6789,Which party will win the 2020 House race in Iowa's 2nd District?,https://www.predictit.org/markets/detail/6789/Which-party-will-win-the-2020-House-race-in-Iowa's-2nd-District,23208,Democratic,0.68,0.34,0.66,0.32,09/11/2020 14:23:31,Open
439,6789,Which party will win the 2020 House race in Iowa's 2nd District?,https://www.predictit.org/markets/detail/6789/Which-party-will-win-the-2020-House-race-in-Iowa's-2nd-District,23208,Democratic,0.68,0.34,0.66,0.32,09/11/2020 14:25:18,Open
440,6789,Which party will win the 2020 House race in Iowa's 2nd District?,https://www.predictit.org/markets/detail/6789/Which-party-will-win-the-2020-House-race-in-Iowa's-2nd-District,23208,Democratic,0.68,0.34,0.66,0.32,09/11/2020 14:27:05,Open
441,6789,Which party will win the 2020 House race in Iowa's 2nd District?,https://www.predictit.org/markets/detail/6789/Which-party-will-win-the-2020-House-race-in-Iowa's-2nd-District,23208,Democratic,0.68,0.34,0.66,0.32,09/11/2020 14:28:52,Open
442,6789,Which party will win the 2020 House race in Iowa's 2nd District?,https://www.predictit.org/markets/detail/6789/Which-party-will-win-the-2020-House-race-in-Iowa's-2nd-District,23208,Democratic,0.68,0.34,0.66,0.32,09/11/2020 14:30:38,Open
443,6789,Which party will win the 2020 House race in Iowa's 2nd District?,https://www.predictit.org/markets/detail/6789/Which-party-will-win-the-2020-House-race-in-Iowa's-2nd-District,23208,Democratic,0.68,0.34,0.66,0.32,09/11/2020 14:32:26,Open
444,6789,Which party will win the 2020 House race in Iowa's 2nd District?,https://www.predictit.org/markets/detail/6789/Which-party-will-win-the-2020-House-race-in-Iowa's-2nd-District,23208,Democratic,0.68,0.34,0.66,0.32,09/11/2020 14:34:14,Open
445,6789,Which party will win the 2020 House race in Iowa's 2nd District?,https://www.predictit.org/markets/detail/6789/Which-party-will-win-the-2020-House-race-in-Iowa's-2nd-District,23208,Democratic,0.68,0.34,0.66,0.32,09/11/2020 14:36:01,Open
446,6789,Which party will win the 2020 House race in Iowa's 2nd District?,https://www.predictit.org/markets/detail/6789/Which-party-will-win-the-2020-House-race-in-Iowa's-2nd-District,23208,Democratic,0.68,0.34,0.66,0.32,09/11/2020 14:37:49,Open
447,6789,Which party will win the 2020 House race in Iowa's 2nd District?,https://www.predictit.org/markets/detail/6789/Which-party-will-win-the-2020-House-race-in-Iowa's-2nd-District,23208,Democratic,0.68,0.34,0.66,0.32,09/11/2020 14:39:35,Open
448,6789,Which party will win the 2020 House race in Iowa's 2nd District?,https://www.predictit.org/markets/detail/6789/Which-party-will-win-the-2020-House-race-in-Iowa's-2nd-District,23208,Democratic,0.68,0.34,0.66,0.32,09/11/2020 14:41:22,Open
449,6789,Which party will win the 2020 House race in Iowa's 2nd District?,https://www.predictit.org/markets/detail/6789/Which-party-will-win-the-2020-House-race-in-Iowa's-2nd-District,23208,Democratic,0.68,0.34,0.66,0.32,09/11/2020 14:43:09,Open
450,6789,Which party will win the 2020 House race in Iowa's 2nd District?,https://www.predictit.org/markets/detail/6789/Which-party-will-win-the-2020-House-race-in-Iowa's-2nd-District,23208,Democratic,0.68,0.34,0.66,0.32,09/11/2020 14:44:56,Open
451,6789,Which party will win the 2020 House race in Iowa's 2nd District?,https://www.predictit.org/markets/detail/6789/Which-party-will-win-the-2020-House-race-in-Iowa's-2nd-District,23208,Democratic,0.68,0.34,0.66,0.32,09/11/2020 14:46:43,Open
452,6789,Which party will win the 2020 House race in Iowa's 2nd District?,https://www.predictit.org/markets/detail/6789/Which-party-will-win-the-2020-House-race-in-Iowa's-2nd-District,23208,Democratic,0.68,0.34,0.66,0.32,09/11/2020 14:48:33,Open
453,6789,Which party will win the 2020 House race in Iowa's 2nd District?,https://www.predictit.org/markets/detail/6789/Which-party-will-win-the-2020-House-race-in-Iowa's-2nd-District,23208,Democratic,0.68,0.34,0.66,0.32,09/11/2020 14:50:21,Open
454,6789,Which party will win the 2020 House race in Iowa's 2nd District?,https://www.predictit.org/markets/detail/6789/Which-party-will-win-the-2020-House-race-in-Iowa's-2nd-District,23208,Democratic,0.68,0.34,0.66,0.32,09/11/2020 14:52:06,Open
455,6789,Which party will win the 2020 House race in Iowa's 2nd District?,https://www.predictit.org/markets/detail/6789/Which-party-will-win-the-2020-House-race-in-Iowa's-2nd-District,23208,Democratic,0.68,0.34,0.66,0.32,09/11/2020 14:53:56,Open
456,6789,Which party will win the 2020 House race in Iowa's 2nd District?,https://www.predictit.org/markets/detail/6789/Which-party-will-win-the-2020-House-race-in-Iowa's-2nd-District,23208,Democratic,0.68,0.34,0.66,0.32,09/11/2020 14:55:42,Open
457,6789,Which party will win the 2020 House race in Iowa's 2nd District?,https://www.predictit.org/markets/detail/6789/Which-party-will-win-the-2020-House-race-in-Iowa's-2nd-District,23208,Democratic,0.68,0.34,0.66,0.32,09/11/2020 14:57:31,Open
458,6789,Which party will win the 2020 House race in Iowa's 2nd District?,https://www.predictit.org/markets/detail/6789/Which-party-will-win-the-2020-House-race-in-Iowa's-2nd-District,23208,Democratic,0.68,0.34,0.66,0.32,09/11/2020 14:59:20,Open
459,6789,Which party will win the 2020 House race in Iowa's 2nd District?,https://www.predictit.org/markets/detail/6789/Which-party-will-win-the-2020-House-race-in-Iowa's-2nd-District,23208,Democratic,0.68,0.34,0.66,0.32,09/11/2020 15:01:10,Open
460,6789,Which party will win the 2020 House race in Iowa's 2nd District?,https://www.predictit.org/markets/detail/6789/Which-party-will-win-the-2020-House-race-in-Iowa's-2nd-District,23208,Democratic,0.68,0.34,0.66,0.32,09/11/2020 15:02:58,Open
461,6789,Which party will win the 2020 House race in Iowa's 2nd District?,https://www.predictit.org/markets/detail/6789/Which-party-will-win-the-2020-House-race-in-Iowa's-2nd-District,23208,Democratic,0.68,0.34,0.66,0.32,09/11/2020 15:04:50,Open
462,6789,Which party will win the 2020 House race in Iowa's 2nd District?,https://www.predictit.org/markets/detail/6789/Which-party-will-win-the-2020-House-race-in-Iowa's-2nd-District,23208,Democratic,0.68,0.34,0.66,0.32,09/11/2020 15:06:38,Open
463,6789,Which party will win the 2020 House race in Iowa's 2nd District?,https://www.predictit.org/markets/detail/6789/Which-party-will-win-the-2020-House-race-in-Iowa's-2nd-District,23208,Democratic,0.68,0.34,0.66,0.32,09/11/2020 15:08:26,Open
464,6789,Which party will win the 2020 House race in Iowa's 2nd District?,https://www.predictit.org/markets/detail/6789/Which-party-will-win-the-2020-House-race-in-Iowa's-2nd-District,23208,Democratic,0.68,0.34,0.66,0.32,09/11/2020 15:10:15,Open
465,6789,Which party will win the 2020 House race in Iowa's 2nd District?,https://www.predictit.org/markets/detail/6789/Which-party-will-win-the-2020-House-race-in-Iowa's-2nd-District,23208,Democratic,0.68,0.34,0.66,0.32,09/11/2020 15:12:01,Open
466,6789,Which party will win the 2020 House race in Iowa's 2nd District?,https://www.predictit.org/markets/detail/6789/Which-party-will-win-the-2020-House-race-in-Iowa's-2nd-District,23208,Democratic,0.68,0.34,0.66,0.32,09/11/2020 15:13:48,Open
467,6789,Which party will win the 2020 House race in Iowa's 2nd District?,https://www.predictit.org/markets/detail/6789/Which-party-will-win-the-2020-House-race-in-Iowa's-2nd-District,23208,Democratic,0.68,0.34,0.66,0.32,09/11/2020 15:15:38,Open
468,6789,Which party will win the 2020 House race in Iowa's 2nd District?,https://www.predictit.org/markets/detail/6789/Which-party-will-win-the-2020-House-race-in-Iowa's-2nd-District,23208,Democratic,0.68,0.34,0.66,0.32,09/11/2020 15:17:27,Open
469,6789,Which party will win the 2020 House race in Iowa's 2nd District?,https://www.predictit.org/markets/detail/6789/Which-party-will-win-the-2020-House-race-in-Iowa's-2nd-District,23208,Democratic,0.68,0.34,0.66,0.32,09/11/2020 15:19:16,Open
470,6789,Which party will win the 2020 House race in Iowa's 2nd District?,https://www.predictit.org/markets/detail/6789/Which-party-will-win-the-2020-House-race-in-Iowa's-2nd-District,23208,Democratic,0.68,0.34,0.66,0.32,09/11/2020 15:21:06,Open
471,6789,Which party will win the 2020 House race in Iowa's 2nd District?,https://www.predictit.org/markets/detail/6789/Which-party-will-win-the-2020-House-race-in-Iowa's-2nd-District,23208,Democratic,0.68,0.34,0.66,0.32,09/11/2020 15:22:54,Open
472,6789,Which party will win the 2020 House race in Iowa's 2nd District?,https://www.predictit.org/markets/detail/6789/Which-party-will-win-the-2020-House-race-in-Iowa's-2nd-District,23208,Democratic,0.68,0.34,0.66,0.32,09/11/2020 15:24:42,Open
473,6789,Which party will win the 2020 House race in Iowa's 2nd District?,https://www.predictit.org/markets/detail/6789/Which-party-will-win-the-2020-House-race-in-Iowa's-2nd-District,23208,Democratic,0.68,0.34,0.66,0.32,09/11/2020 15:26:35,Open
474,6789,Which party will win the 2020 House race in Iowa's 2nd District?,https://www.predictit.org/markets/detail/6789/Which-party-will-win-the-2020-House-race-in-Iowa's-2nd-District,23208,Democratic,0.68,0.34,0.66,0.32,09/11/2020 15:28:24,Open
475,6789,Which party will win the 2020 House race in Iowa's 2nd District?,https://www.predictit.org/markets/detail/6789/Which-party-will-win-the-2020-House-race-in-Iowa's-2nd-District,23208,Democratic,0.68,0.34,0.66,0.32,09/11/2020 15:30:12,Open
476,6789,Which party will win the 2020 House race in Iowa's 2nd District?,https://www.predictit.org/markets/detail/6789/Which-party-will-win-the-2020-House-race-in-Iowa's-2nd-District,23208,Democratic,0.68,0.34,0.66,0.32,09/11/2020 15:32:02,Open
477,6789,Which party will win the 2020 House race in Iowa's 2nd District?,https://www.predictit.org/markets/detail/6789/Which-party-will-win-the-2020-House-race-in-Iowa's-2nd-District,23208,Democratic,0.68,0.34,0.66,0.32,09/11/2020 15:33:52,Open
478,6789,Which party will win the 2020 House race in Iowa's 2nd District?,https://www.predictit.org/markets/detail/6789/Which-party-will-win-the-2020-House-race-in-Iowa's-2nd-District,23208,Democratic,0.68,0.34,0.66,0.32,09/11/2020 15:35:44,Open
479,6789,Which party will win the 2020 House race in Iowa's 2nd District?,https://www.predictit.org/markets/detail/6789/Which-party-will-win-the-2020-House-race-in-Iowa's-2nd-District,23208,Democratic,0.68,0.34,0.66,0.32,09/11/2020 15:37:32,Open
480,6789,Which party will win the 2020 House race in Iowa's 2nd District?,https://www.predictit.org/markets/detail/6789/Which-party-will-win-the-2020-House-race-in-Iowa's-2nd-District,23208,Democratic,0.68,0.34,0.66,0.32,09/11/2020 15:39:20,Open
481,6789,Which party will win the 2020 House race in Iowa's 2nd District?,https://www.predictit.org/markets/detail/6789/Which-party-will-win-the-2020-House-race-in-Iowa's-2nd-District,23208,Democratic,0.68,0.34,0.66,0.32,09/11/2020 15:41:09,Open
482,6789,Which party will win the 2020 House race in Iowa's 2nd District?,https://www.predictit.org/markets/detail/6789/Which-party-will-win-the-2020-House-race-in-Iowa's-2nd-District,23208,Democratic,0.68,0.34,0.66,0.32,09/11/2020 15:42:58,Open
483,6789,Which party will win the 2020 House race in Iowa's 2nd District?,https://www.predictit.org/markets/detail/6789/Which-party-will-win-the-2020-House-race-in-Iowa's-2nd-District,23208,Democratic,0.68,0.34,0.66,0.32,09/11/2020 15:44:47,Open
484,6789,Which party will win the 2020 House race in Iowa's 2nd District?,https://www.predictit.org/markets/detail/6789/Which-party-will-win-the-2020-House-race-in-Iowa's-2nd-District,23208,Democratic,0.68,0.34,0.66,0.32,09/11/2020 15:46:39,Open
485,6789,Which party will win the 2020 House race in Iowa's 2nd District?,https://www.predictit.org/markets/detail/6789/Which-party-will-win-the-2020-House-race-in-Iowa's-2nd-District,23208,Democratic,0.68,0.34,0.66,0.32,09/11/2020 15:48:28,Open
486,6789,Which party will win the 2020 House race in Iowa's 2nd District?,https://www.predictit.org/markets/detail/6789/Which-party-will-win-the-2020-House-race-in-Iowa's-2nd-District,23208,Democratic,0.68,0.34,0.66,0.32,09/11/2020 15:50:17,Open
487,6789,Which party will win the 2020 House race in Iowa's 2nd District?,https://www.predictit.org/markets/detail/6789/Which-party-will-win-the-2020-House-race-in-Iowa's-2nd-District,23208,Democratic,0.68,0.34,0.66,0.32,09/11/2020 15:52:07,Open
488,6789,Which party will win the 2020 House race in Iowa's 2nd District?,https://www.predictit.org/markets/detail/6789/Which-party-will-win-the-2020-House-race-in-Iowa's-2nd-District,23208,Democratic,0.68,0.34,0.66,0.32,09/11/2020 15:53:56,Open
489,6789,Which party will win the 2020 House race in Iowa's 2nd District?,https://www.predictit.org/markets/detail/6789/Which-party-will-win-the-2020-House-race-in-Iowa's-2nd-District,23208,Democratic,0.68,0.34,0.66,0.32,09/11/2020 15:55:44,Open
490,6789,Which party will win the 2020 House race in Iowa's 2nd District?,https://www.predictit.org/markets/detail/6789/Which-party-will-win-the-2020-House-race-in-Iowa's-2nd-District,23208,Democratic,0.68,0.34,0.66,0.32,09/11/2020 15:57:37,Open
491,6789,Which party will win the 2020 House race in Iowa's 2nd District?,https://www.predictit.org/markets/detail/6789/Which-party-will-win-the-2020-House-race-in-Iowa's-2nd-District,23208,Democratic,0.68,0.34,0.66,0.32,09/11/2020 15:59:25,Open
492,6789,Which party will win the 2020 House race in Iowa's 2nd District?,https://www.predictit.org/markets/detail/6789/Which-party-will-win-the-2020-House-race-in-Iowa's-2nd-District,23208,Democratic,0.68,0.34,0.66,0.32,09/11/2020 16:01:14,Open
493,6789,Which party will win the 2020 House race in Iowa's 2nd District?,https://www.predictit.org/markets/detail/6789/Which-party-will-win-the-2020-House-race-in-Iowa's-2nd-District,23208,Democratic,0.68,0.34,0.66,0.32,09/11/2020 16:03:07,Open
494,6789,Which party will win the 2020 House race in Iowa's 2nd District?,https://www.predictit.org/markets/detail/6789/Which-party-will-win-the-2020-House-race-in-Iowa's-2nd-District,23208,Democratic,0.68,0.34,0.66,0.32,09/11/2020 16:04:56,Open
495,6789,Which party will win the 2020 House race in Iowa's 2nd District?,https://www.predictit.org/markets/detail/6789/Which-party-will-win-the-2020-House-race-in-Iowa's-2nd-District,23208,Democratic,0.68,0.34,0.66,0.32,09/11/2020 16:06:45,Open
496,6789,Which party will win the 2020 House race in Iowa's 2nd District?,https://www.predictit.org/markets/detail/6789/Which-party-will-win-the-2020-House-race-in-Iowa's-2nd-District,23208,Democratic,0.68,0.34,0.66,0.32,09/11/2020 16:08:36,Open
497,6789,Which party will win the 2020 House race in Iowa's 2nd District?,https://www.predictit.org/markets/detail/6789/Which-party-will-win-the-2020-House-race-in-Iowa's-2nd-District,23208,Democratic,0.68,0.34,0.66,0.32,09/11/2020 16:10:26,Open
498,6789,Which party will win the 2020 House race in Iowa's 2nd District?,https://www.predictit.org/markets/detail/6789/Which-party-will-win-the-2020-House-race-in-Iowa's-2nd-District,23208,Democratic,0.68,0.34,0.66,0.32,09/11/2020 16:12:18,Open
499,6789,Which party will win the 2020 House race in Iowa's 2nd District?,https://www.predictit.org/markets/detail/6789/Which-party-will-win-the-2020-House-race-in-Iowa's-2nd-District,23208,Democratic,0.68,0.34,0.66,0.32,09/11/2020 16:14:10,Open
500,6789,Which party will win the 2020 House race in Iowa's 2nd District?,https://www.predictit.org/markets/detail/6789/Which-party-will-win-the-2020-House-race-in-Iowa's-2nd-District,23208,Democratic,0.68,0.34,0.66,0.32,09/11/2020 16:15:59,Open
501,6789,Which party will win the 2020 House race in Iowa's 2nd District?,https://www.predictit.org/markets/detail/6789/Which-party-will-win-the-2020-House-race-in-Iowa's-2nd-District,23208,Democratic,0.68,0.34,0.66,0.32,09/11/2020 16:17:49,Open
502,6789,Which party will win the 2020 House race in Iowa's 2nd District?,https://www.predictit.org/markets/detail/6789/Which-party-will-win-the-2020-House-race-in-Iowa's-2nd-District,23208,Democratic,0.68,0.34,0.66,0.32,09/11/2020 16:19:40,Open
503,6789,Which party will win the 2020 House race in Iowa's 2nd District?,https://www.predictit.org/markets/detail/6789/Which-party-will-win-the-2020-House-race-in-Iowa's-2nd-District,23208,Democratic,0.68,0.34,0.66,0.32,09/11/2020 16:21:29,Open
504,6789,Which party will win the 2020 House race in Iowa's 2nd District?,https://www.predictit.org/markets/detail/6789/Which-party-will-win-the-2020-House-race-in-Iowa's-2nd-District,23208,Democratic,0.68,0.34,0.66,0.32,09/11/2020 16:23:18,Open
505,6789,Which party will win the 2020 House race in Iowa's 2nd District?,https://www.predictit.org/markets/detail/6789/Which-party-will-win-the-2020-House-race-in-Iowa's-2nd-District,23208,Democratic,0.68,0.34,0.66,0.32,09/11/2020 16:25:08,Open
506,6789,Which party will win the 2020 House race in Iowa's 2nd District?,https://www.predictit.org/markets/detail/6789/Which-party-will-win-the-2020-House-race-in-Iowa's-2nd-District,23208,Democratic,0.68,0.34,0.66,0.32,09/11/2020 16:26:58,Open
507,6789,Which party will win the 2020 House race in Iowa's 2nd District?,https://www.predictit.org/markets/detail/6789/Which-party-will-win-the-2020-House-race-in-Iowa's-2nd-District,23208,Democratic,0.68,0.34,0.66,0.32,09/11/2020 16:28:49,Open
508,6789,Which party will win the 2020 House race in Iowa's 2nd District?,https://www.predictit.org/markets/detail/6789/Which-party-will-win-the-2020-House-race-in-Iowa's-2nd-District,23208,Democratic,0.68,0.34,0.66,0.32,09/11/2020 16:30:40,Open
509,6789,Which party will win the 2020 House race in Iowa's 2nd District?,https://www.predictit.org/markets/detail/6789/Which-party-will-win-the-2020-House-race-in-Iowa's-2nd-District,23208,Democratic,0.68,0.34,0.66,0.32,09/11/2020 16:32:31,Open
510,6789,Which party will win the 2020 House race in Iowa's 2nd District?,https://www.predictit.org/markets/detail/6789/Which-party-will-win-the-2020-House-race-in-Iowa's-2nd-District,23208,Democratic,0.68,0.34,0.66,0.32,09/11/2020 16:34:22,Open
511,6789,Which party will win the 2020 House race in Iowa's 2nd District?,https://www.predictit.org/markets/detail/6789/Which-party-will-win-the-2020-House-race-in-Iowa's-2nd-District,23208,Democratic,0.68,0.34,0.66,0.32,09/11/2020 16:36:16,Open
512,6789,Which party will win the 2020 House race in Iowa's 2nd District?,https://www.predictit.org/markets/detail/6789/Which-party-will-win-the-2020-House-race-in-Iowa's-2nd-District,23208,Democratic,0.68,0.34,0.66,0.32,09/11/2020 16:38:06,Open
513,6789,Which party will win the 2020 House race in Iowa's 2nd District?,https://www.predictit.org/markets/detail/6789/Which-party-will-win-the-2020-House-race-in-Iowa's-2nd-District,23208,Democratic,0.68,0.34,0.66,0.32,09/11/2020 16:39:59,Open
514,6789,Which party will win the 2020 House race in Iowa's 2nd District?,https://www.predictit.org/markets/detail/6789/Which-party-will-win-the-2020-House-race-in-Iowa's-2nd-District,23208,Democratic,0.68,0.34,0.66,0.32,09/11/2020 16:41:53,Open
515,6789,Which party will win the 2020 House race in Iowa's 2nd District?,https://www.predictit.org/markets/detail/6789/Which-party-will-win-the-2020-House-race-in-Iowa's-2nd-District,23208,Democratic,0.68,0.34,0.66,0.32,09/11/2020 16:43:44,Open
516,6789,Which party will win the 2020 House race in Iowa's 2nd District?,https://www.predictit.org/markets/detail/6789/Which-party-will-win-the-2020-House-race-in-Iowa's-2nd-District,23208,Democratic,0.68,0.34,0.66,0.32,09/11/2020 16:45:35,Open
517,6789,Which party will win the 2020 House race in Iowa's 2nd District?,https://www.predictit.org/markets/detail/6789/Which-party-will-win-the-2020-House-race-in-Iowa's-2nd-District,23208,Democratic,0.68,0.34,0.66,0.32,09/11/2020 16:47:28,Open
518,6789,Which party will win the 2020 House race in Iowa's 2nd District?,https://www.predictit.org/markets/detail/6789/Which-party-will-win-the-2020-House-race-in-Iowa's-2nd-District,23208,Democratic,0.68,0.34,0.66,0.32,09/11/2020 16:49:20,Open
519,6789,Which party will win the 2020 House race in Iowa's 2nd District?,https://www.predictit.org/markets/detail/6789/Which-party-will-win-the-2020-House-race-in-Iowa's-2nd-District,23208,Democratic,0.68,0.34,0.66,0.32,09/11/2020 16:51:13,Open
520,6789,Which party will win the 2020 House race in Iowa's 2nd District?,https://www.predictit.org/markets/detail/6789/Which-party-will-win-the-2020-House-race-in-Iowa's-2nd-District,23208,Democratic,0.68,0.34,0.66,0.32,09/11/2020 16:53:11,Open
521,6789,Which party will win the 2020 House race in Iowa's 2nd District?,https://www.predictit.org/markets/detail/6789/Which-party-will-win-the-2020-House-race-in-Iowa's-2nd-District,23208,Democratic,0.68,0.34,0.66,0.32,09/11/2020 16:55:03,Open
522,6789,Which party will win the 2020 House race in Iowa's 2nd District?,https://www.predictit.org/markets/detail/6789/Which-party-will-win-the-2020-House-race-in-Iowa's-2nd-District,23208,Democratic,0.68,0.34,0.66,0.32,09/11/2020 16:56:56,Open
523,6789,Which party will win the 2020 House race in Iowa's 2nd District?,https://www.predictit.org/markets/detail/6789/Which-party-will-win-the-2020-House-race-in-Iowa's-2nd-District,23208,Democratic,0.68,0.34,0.66,0.32,09/11/2020 16:58:48,Open
524,6789,Which party will win the 2020 House race in Iowa's 2nd District?,https://www.predictit.org/markets/detail/6789/Which-party-will-win-the-2020-House-race-in-Iowa's-2nd-District,23208,Democratic,0.68,0.34,0.66,0.32,09/11/2020 17:00:39,Open
525,6789,Which party will win the 2020 House race in Iowa's 2nd District?,https://www.predictit.org/markets/detail/6789/Which-party-will-win-the-2020-House-race-in-Iowa's-2nd-District,23208,Democratic,0.68,0.34,0.66,0.32,09/11/2020 17:02:31,Open
526,6789,Which party will win the 2020 House race in Iowa's 2nd District?,https://www.predictit.org/markets/detail/6789/Which-party-will-win-the-2020-House-race-in-Iowa's-2nd-District,23208,Democratic,0.68,0.34,0.66,0.32,09/11/2020 17:04:23,Open
527,6789,Which party will win the 2020 House race in Iowa's 2nd District?,https://www.predictit.org/markets/detail/6789/Which-party-will-win-the-2020-House-race-in-Iowa's-2nd-District,23208,Democratic,0.68,0.34,0.66,0.32,09/11/2020 17:06:14,Open
528,6789,Which party will win the 2020 House race in Iowa's 2nd District?,https://www.predictit.org/markets/detail/6789/Which-party-will-win-the-2020-House-race-in-Iowa's-2nd-District,23208,Democratic,0.68,0.34,0.66,0.32,09/11/2020 17:08:10,Open
529,6789,Which party will win the 2020 House race in Iowa's 2nd District?,https://www.predictit.org/markets/detail/6789/Which-party-will-win-the-2020-House-race-in-Iowa's-2nd-District,23208,Democratic,0.68,0.34,0.66,0.32,09/11/2020 17:10:03,Open
530,6789,Which party will win the 2020 House race in Iowa's 2nd District?,https://www.predictit.org/markets/detail/6789/Which-party-will-win-the-2020-House-race-in-Iowa's-2nd-District,23208,Democratic,0.68,0.34,0.66,0.32,09/11/2020 17:11:54,Open
531,6789,Which party will win the 2020 House race in Iowa's 2nd District?,https://www.predictit.org/markets/detail/6789/Which-party-will-win-the-2020-House-race-in-Iowa's-2nd-District,23208,Democratic,0.68,0.34,0.66,0.32,09/11/2020 17:13:50,Open
532,6789,Which party will win the 2020 House race in Iowa's 2nd District?,https://www.predictit.org/markets/detail/6789/Which-party-will-win-the-2020-House-race-in-Iowa's-2nd-District,23208,Democratic,0.68,0.34,0.66,0.32,09/11/2020 17:15:42,Open
533,6789,Which party will win the 2020 House race in Iowa's 2nd District?,https://www.predictit.org/markets/detail/6789/Which-party-will-win-the-2020-House-race-in-Iowa's-2nd-District,23208,Democratic,0.68,0.34,0.66,0.32,09/11/2020 17:17:34,Open
534,6789,Which party will win the 2020 House race in Iowa's 2nd District?,https://www.predictit.org/markets/detail/6789/Which-party-will-win-the-2020-House-race-in-Iowa's-2nd-District,23208,Democratic,0.68,0.34,0.66,0.32,09/11/2020 17:19:30,Open
535,6789,Which party will win the 2020 House race in Iowa's 2nd District?,https://www.predictit.org/markets/detail/6789/Which-party-will-win-the-2020-House-race-in-Iowa's-2nd-District,23208,Democratic,0.68,0.34,0.66,0.32,09/11/2020 17:21:23,Open
536,6789,Which party will win the 2020 House race in Iowa's 2nd District?,https://www.predictit.org/markets/detail/6789/Which-party-will-win-the-2020-House-race-in-Iowa's-2nd-District,23208,Democratic,0.68,0.34,0.66,0.32,09/11/2020 17:23:18,Open
537,6789,Which party will win the 2020 House race in Iowa's 2nd District?,https://www.predictit.org/markets/detail/6789/Which-party-will-win-the-2020-House-race-in-Iowa's-2nd-District,23208,Democratic,0.68,0.34,0.66,0.32,09/11/2020 17:25:15,Open
538,6789,Which party will win the 2020 House race in Iowa's 2nd District?,https://www.predictit.org/markets/detail/6789/Which-party-will-win-the-2020-House-race-in-Iowa's-2nd-District,23208,Democratic,0.68,0.34,0.66,0.32,09/11/2020 17:27:07,Open
539,6789,Which party will win the 2020 House race in Iowa's 2nd District?,https://www.predictit.org/markets/detail/6789/Which-party-will-win-the-2020-House-race-in-Iowa's-2nd-District,23208,Democratic,0.68,0.34,0.66,0.32,09/11/2020 17:29:00,Open
540,6789,Which party will win the 2020 House race in Iowa's 2nd District?,https://www.predictit.org/markets/detail/6789/Which-party-will-win-the-2020-House-race-in-Iowa's-2nd-District,23208,Democratic,0.68,0.34,0.66,0.32,09/11/2020 17:31:14,Open
541,6789,Which party will win the 2020 House race in Iowa's 2nd District?,https://www.predictit.org/markets/detail/6789/Which-party-will-win-the-2020-House-race-in-Iowa's-2nd-District,23208,Democratic,0.68,0.34,0.66,0.32,09/11/2020 17:33:08,Open
542,6789,Which party will win the 2020 House race in Iowa's 2nd District?,https://www.predictit.org/markets/detail/6789/Which-party-will-win-the-2020-House-race-in-Iowa's-2nd-District,23208,Democratic,0.68,0.34,0.66,0.32,09/11/2020 17:35:02,Open
543,6789,Which party will win the 2020 House race in Iowa's 2nd District?,https://www.predictit.org/markets/detail/6789/Which-party-will-win-the-2020-House-race-in-Iowa's-2nd-District,23208,Democratic,0.68,0.34,0.66,0.32,09/11/2020 17:36:54,Open
544,6789,Which party will win the 2020 House race in Iowa's 2nd District?,https://www.predictit.org/markets/detail/6789/Which-party-will-win-the-2020-House-race-in-Iowa's-2nd-District,23208,Democratic,0.68,0.34,0.66,0.32,09/11/2020 17:38:47,Open
545,6789,Which party will win the 2020 House race in Iowa's 2nd District?,https://www.predictit.org/markets/detail/6789/Which-party-will-win-the-2020-House-race-in-Iowa's-2nd-District,23208,Democratic,0.68,0.34,0.66,0.32,09/11/2020 17:40:40,Open
546,6789,Which party will win the 2020 House race in Iowa's 2nd District?,https://www.predictit.org/markets/detail/6789/Which-party-will-win-the-2020-House-race-in-Iowa's-2nd-District,23208,Democratic,0.68,0.34,0.66,0.32,09/11/2020 17:42:32,Open
547,6789,Which party will win the 2020 House race in Iowa's 2nd District?,https://www.predictit.org/markets/detail/6789/Which-party-will-win-the-2020-House-race-in-Iowa's-2nd-District,23208,Democratic,0.68,0.34,0.66,0.32,09/11/2020 17:44:25,Open
548,6789,Which party will win the 2020 House race in Iowa's 2nd District?,https://www.predictit.org/markets/detail/6789/Which-party-will-win-the-2020-House-race-in-Iowa's-2nd-District,23208,Democratic,0.68,0.34,0.66,0.32,09/11/2020 17:46:20,Open
549,6789,Which party will win the 2020 House race in Iowa's 2nd District?,https://www.predictit.org/markets/detail/6789/Which-party-will-win-the-2020-House-race-in-Iowa's-2nd-District,23208,Democratic,0.68,0.34,0.66,0.32,09/11/2020 17:48:13,Open
550,6789,Which party will win the 2020 House race in Iowa's 2nd District?,https://www.predictit.org/markets/detail/6789/Which-party-will-win-the-2020-House-race-in-Iowa's-2nd-District,23208,Democratic,0.68,0.34,0.66,0.32,09/11/2020 17:50:06,Open
551,6789,Which party will win the 2020 House race in Iowa's 2nd District?,https://www.predictit.org/markets/detail/6789/Which-party-will-win-the-2020-House-race-in-Iowa's-2nd-District,23208,Democratic,0.68,0.34,0.66,0.32,09/11/2020 17:52:01,Open
552,6789,Which party will win the 2020 House race in Iowa's 2nd District?,https://www.predictit.org/markets/detail/6789/Which-party-will-win-the-2020-House-race-in-Iowa's-2nd-District,23208,Democratic,0.68,0.34,0.66,0.32,09/11/2020 17:53:54,Open
553,6789,Which party will win the 2020 House race in Iowa's 2nd District?,https://www.predictit.org/markets/detail/6789/Which-party-will-win-the-2020-House-race-in-Iowa's-2nd-District,23208,Democratic,0.68,0.34,0.66,0.32,09/11/2020 17:55:48,Open
554,6789,Which party will win the 2020 House race in Iowa's 2nd District?,https://www.predictit.org/markets/detail/6789/Which-party-will-win-the-2020-House-race-in-Iowa's-2nd-District,23208,Democratic,0.68,0.34,0.66,0.32,09/11/2020 17:57:45,Open
555,6789,Which party will win the 2020 House race in Iowa's 2nd District?,https://www.predictit.org/markets/detail/6789/Which-party-will-win-the-2020-House-race-in-Iowa's-2nd-District,23208,Democratic,0.68,0.34,0.66,0.32,09/11/2020 17:59:43,Open
556,6789,Which party will win the 2020 House race in Iowa's 2nd District?,https://www.predictit.org/markets/detail/6789/Which-party-will-win-the-2020-House-race-in-Iowa's-2nd-District,23208,Democratic,0.68,0.34,0.66,0.32,09/11/2020 18:01:37,Open
557,6789,Which party will win the 2020 House race in Iowa's 2nd District?,https://www.predictit.org/markets/detail/6789/Which-party-will-win-the-2020-House-race-in-Iowa's-2nd-District,23208,Democratic,0.68,0.34,0.66,0.32,09/11/2020 18:03:33,Open
558,6789,Which party will win the 2020 House race in Iowa's 2nd District?,https://www.predictit.org/markets/detail/6789/Which-party-will-win-the-2020-House-race-in-Iowa's-2nd-District,23208,Democratic,0.68,0.34,0.66,0.32,09/11/2020 18:05:26,Open
559,6789,Which party will win the 2020 House race in Iowa's 2nd District?,https://www.predictit.org/markets/detail/6789/Which-party-will-win-the-2020-House-race-in-Iowa's-2nd-District,23208,Democratic,0.68,0.34,0.66,0.32,09/11/2020 18:07:21,Open
560,6789,Which party will win the 2020 House race in Iowa's 2nd District?,https://www.predictit.org/markets/detail/6789/Which-party-will-win-the-2020-House-race-in-Iowa's-2nd-District,23208,Democratic,0.68,0.34,0.66,0.32,09/11/2020 18:09:15,Open
561,6789,Which party will win the 2020 House race in Iowa's 2nd District?,https://www.predictit.org/markets/detail/6789/Which-party-will-win-the-2020-House-race-in-Iowa's-2nd-District,23208,Democratic,0.68,0.34,0.66,0.32,09/11/2020 18:11:11,Open
562,6789,Which party will win the 2020 House race in Iowa's 2nd District?,https://www.predictit.org/markets/detail/6789/Which-party-will-win-the-2020-House-race-in-Iowa's-2nd-District,23208,Democratic,0.68,0.34,0.66,0.32,09/11/2020 18:13:06,Open
563,6789,Which party will win the 2020 House race in Iowa's 2nd District?,https://www.predictit.org/markets/detail/6789/Which-party-will-win-the-2020-House-race-in-Iowa's-2nd-District,23208,Democratic,0.68,0.34,0.66,0.32,09/11/2020 18:14:59,Open
564,6789,Which party will win the 2020 House race in Iowa's 2nd District?,https://www.predictit.org/markets/detail/6789/Which-party-will-win-the-2020-House-race-in-Iowa's-2nd-District,23208,Democratic,0.68,0.34,0.66,0.32,09/11/2020 18:16:53,Open
565,6789,Which party will win the 2020 House race in Iowa's 2nd District?,https://www.predictit.org/markets/detail/6789/Which-party-will-win-the-2020-House-race-in-Iowa's-2nd-District,23208,Democratic,0.68,0.34,0.66,0.32,09/11/2020 18:18:47,Open
566,6789,Which party will win the 2020 House race in Iowa's 2nd District?,https://www.predictit.org/markets/detail/6789/Which-party-will-win-the-2020-House-race-in-Iowa's-2nd-District,23208,Democratic,0.68,0.34,0.66,0.32,09/11/2020 18:20:43,Open
567,6789,Which party will win the 2020 House race in Iowa's 2nd District?,https://www.predictit.org/markets/detail/6789/Which-party-will-win-the-2020-House-race-in-Iowa's-2nd-District,23208,Democratic,0.68,0.34,0.66,0.32,09/11/2020 18:22:39,Open
568,6789,Which party will win the 2020 House race in Iowa's 2nd District?,https://www.predictit.org/markets/detail/6789/Which-party-will-win-the-2020-House-race-in-Iowa's-2nd-District,23208,Democratic,0.68,0.34,0.66,0.32,09/11/2020 18:24:36,Open
569,6789,Which party will win the 2020 House race in Iowa's 2nd District?,https://www.predictit.org/markets/detail/6789/Which-party-will-win-the-2020-House-race-in-Iowa's-2nd-District,23208,Democratic,0.68,0.34,0.66,0.32,09/11/2020 18:26:33,Open
570,6789,Which party will win the 2020 House race in Iowa's 2nd District?,https://www.predictit.org/markets/detail/6789/Which-party-will-win-the-2020-House-race-in-Iowa's-2nd-District,23208,Democratic,0.68,0.34,0.66,0.32,09/11/2020 18:28:28,Open
571,6789,Which party will win the 2020 House race in Iowa's 2nd District?,https://www.predictit.org/markets/detail/6789/Which-party-will-win-the-2020-House-race-in-Iowa's-2nd-District,23208,Democratic,0.68,0.34,0.66,0.32,09/11/2020 18:30:30,Open
572,6789,Which party will win the 2020 House race in Iowa's 2nd District?,https://www.predictit.org/markets/detail/6789/Which-party-will-win-the-2020-House-race-in-Iowa's-2nd-District,23208,Democratic,0.68,0.34,0.66,0.32,09/11/2020 18:32:25,Open
573,6789,Which party will win the 2020 House race in Iowa's 2nd District?,https://www.predictit.org/markets/detail/6789/Which-party-will-win-the-2020-House-race-in-Iowa's-2nd-District,23208,Democratic,0.68,0.34,0.66,0.32,09/11/2020 18:34:21,Open
574,6789,Which party will win the 2020 House race in Iowa's 2nd District?,https://www.predictit.org/markets/detail/6789/Which-party-will-win-the-2020-House-race-in-Iowa's-2nd-District,23208,Democratic,0.68,0.34,0.66,0.32,09/11/2020 18:36:20,Open
575,6789,Which party will win the 2020 House race in Iowa's 2nd District?,https://www.predictit.org/markets/detail/6789/Which-party-will-win-the-2020-House-race-in-Iowa's-2nd-District,23208,Democratic,0.68,0.34,0.66,0.32,09/11/2020 18:38:15,Open
576,6789,Which party will win the 2020 House race in Iowa's 2nd District?,https://www.predictit.org/markets/detail/6789/Which-party-will-win-the-2020-House-race-in-Iowa's-2nd-District,23208,Democratic,0.68,0.34,0.66,0.32,09/11/2020 18:40:16,Open
577,6789,Which party will win the 2020 House race in Iowa's 2nd District?,https://www.predictit.org/markets/detail/6789/Which-party-will-win-the-2020-House-race-in-Iowa's-2nd-District,23208,Democratic,0.68,0.34,0.66,0.32,09/11/2020 18:42:12,Open
578,6789,Which party will win the 2020 House race in Iowa's 2nd District?,https://www.predictit.org/markets/detail/6789/Which-party-will-win-the-2020-House-race-in-Iowa's-2nd-District,23208,Democratic,0.68,0.34,0.66,0.32,09/11/2020 18:44:09,Open
579,6789,Which party will win the 2020 House race in Iowa's 2nd District?,https://www.predictit.org/markets/detail/6789/Which-party-will-win-the-2020-House-race-in-Iowa's-2nd-District,23208,Democratic,0.68,0.34,0.66,0.32,09/11/2020 18:46:06,Open
580,6789,Which party will win the 2020 House race in Iowa's 2nd District?,https://www.predictit.org/markets/detail/6789/Which-party-will-win-the-2020-House-race-in-Iowa's-2nd-District,23208,Democratic,0.68,0.34,0.66,0.32,09/11/2020 18:48:05,Open
581,6789,Which party will win the 2020 House race in Iowa's 2nd District?,https://www.predictit.org/markets/detail/6789/Which-party-will-win-the-2020-House-race-in-Iowa's-2nd-District,23208,Democratic,0.68,0.34,0.66,0.32,09/11/2020 18:50:08,Open
582,6789,Which party will win the 2020 House race in Iowa's 2nd District?,https://www.predictit.org/markets/detail/6789/Which-party-will-win-the-2020-House-race-in-Iowa's-2nd-District,23208,Democratic,0.68,0.34,0.66,0.32,09/11/2020 18:52:09,Open
583,6789,Which party will win the 2020 House race in Iowa's 2nd District?,https://www.predictit.org/markets/detail/6789/Which-party-will-win-the-2020-House-race-in-Iowa's-2nd-District,23208,Democratic,0.68,0.34,0.66,0.32,09/11/2020 18:54:04,Open
584,6789,Which party will win the 2020 House race in Iowa's 2nd District?,https://www.predictit.org/markets/detail/6789/Which-party-will-win-the-2020-House-race-in-Iowa's-2nd-District,23208,Democratic,0.68,0.34,0.66,0.32,09/11/2020 18:56:01,Open
585,6789,Which party will win the 2020 House race in Iowa's 2nd District?,https://www.predictit.org/markets/detail/6789/Which-party-will-win-the-2020-House-race-in-Iowa's-2nd-District,23208,Democratic,0.68,0.34,0.66,0.32,09/11/2020 18:58:00,Open
586,6789,Which party will win the 2020 House race in Iowa's 2nd District?,https://www.predictit.org/markets/detail/6789/Which-party-will-win-the-2020-House-race-in-Iowa's-2nd-District,23208,Democratic,0.68,0.34,0.66,0.32,09/11/2020 18:59:56,Open
587,6789,Which party will win the 2020 House race in Iowa's 2nd District?,https://www.predictit.org/markets/detail/6789/Which-party-will-win-the-2020-House-race-in-Iowa's-2nd-District,23208,Democratic,0.68,0.34,0.66,0.32,09/11/2020 19:01:55,Open
588,6789,Which party will win the 2020 House race in Iowa's 2nd District?,https://www.predictit.org/markets/detail/6789/Which-party-will-win-the-2020-House-race-in-Iowa's-2nd-District,23208,Democratic,0.68,0.34,0.66,0.32,09/11/2020 19:03:50,Open
589,6789,Which party will win the 2020 House race in Iowa's 2nd District?,https://www.predictit.org/markets/detail/6789/Which-party-will-win-the-2020-House-race-in-Iowa's-2nd-District,23208,Democratic,0.68,0.34,0.66,0.32,09/11/2020 19:05:47,Open
590,6789,Which party will win the 2020 House race in Iowa's 2nd District?,https://www.predictit.org/markets/detail/6789/Which-party-will-win-the-2020-House-race-in-Iowa's-2nd-District,23208,Democratic,0.68,0.34,0.66,0.32,09/11/2020 19:07:46,Open
591,6789,Which party will win the 2020 House race in Iowa's 2nd District?,https://www.predictit.org/markets/detail/6789/Which-party-will-win-the-2020-House-race-in-Iowa's-2nd-District,23208,Democratic,0.68,0.34,0.66,0.32,09/11/2020 19:09:42,Open
592,6789,Which party will win the 2020 House race in Iowa's 2nd District?,https://www.predictit.org/markets/detail/6789/Which-party-will-win-the-2020-House-race-in-Iowa's-2nd-District,23208,Democratic,0.68,0.34,0.66,0.32,09/11/2020 19:11:40,Open
593,6789,Which party will win the 2020 House race in Iowa's 2nd District?,https://www.predictit.org/markets/detail/6789/Which-party-will-win-the-2020-House-race-in-Iowa's-2nd-District,23208,Democratic,0.68,0.34,0.66,0.32,09/11/2020 19:13:39,Open
594,6789,Which party will win the 2020 House race in Iowa's 2nd District?,https://www.predictit.org/markets/detail/6789/Which-party-will-win-the-2020-House-race-in-Iowa's-2nd-District,23208,Democratic,0.68,0.34,0.66,0.32,09/11/2020 19:15:34,Open
595,6789,Which party will win the 2020 House race in Iowa's 2nd District?,https://www.predictit.org/markets/detail/6789/Which-party-will-win-the-2020-House-race-in-Iowa's-2nd-District,23208,Democratic,0.68,0.34,0.66,0.32,09/11/2020 19:17:30,Open
596,6789,Which party will win the 2020 House race in Iowa's 2nd District?,https://www.predictit.org/markets/detail/6789/Which-party-will-win-the-2020-House-race-in-Iowa's-2nd-District,23208,Democratic,0.68,0.34,0.66,0.32,09/11/2020 19:19:30,Open
597,6789,Which party will win the 2020 House race in Iowa's 2nd District?,https://www.predictit.org/markets/detail/6789/Which-party-will-win-the-2020-House-race-in-Iowa's-2nd-District,23208,Democratic,0.68,0.34,0.66,0.32,09/11/2020 19:21:27,Open
598,6789,Which party will win the 2020 House race in Iowa's 2nd District?,https://www.predictit.org/markets/detail/6789/Which-party-will-win-the-2020-House-race-in-Iowa's-2nd-District,23208,Democratic,0.68,0.34,0.66,0.32,09/11/2020 19:23:46,Open
599,6789,Which party will win the 2020 House race in Iowa's 2nd District?,https://www.predictit.org/markets/detail/6789/Which-party-will-win-the-2020-House-race-in-Iowa's-2nd-District,23208,Democratic,0.68,0.34,0.66,0.32,09/11/2020 19:25:41,Open
600,6789,Which party will win the 2020 House race in Iowa's 2nd District?,https://www.predictit.org/markets/detail/6789/Which-party-will-win-the-2020-House-race-in-Iowa's-2nd-District,23208,Democratic,0.68,0.34,0.66,0.32,09/11/2020 19:27:38,Open
601,6789,Which party will win the 2020 House race in Iowa's 2nd District?,https://www.predictit.org/markets/detail/6789/Which-party-will-win-the-2020-House-race-in-Iowa's-2nd-District,23208,Democratic,0.68,0.34,0.66,0.32,09/11/2020 19:29:39,Open
602,6789,Which party will win the 2020 House race in Iowa's 2nd District?,https://www.predictit.org/markets/detail/6789/Which-party-will-win-the-2020-House-race-in-Iowa's-2nd-District,23208,Democratic,0.68,0.34,0.66,0.32,09/11/2020 19:31:36,Open
603,6789,Which party will win the 2020 House race in Iowa's 2nd District?,https://www.predictit.org/markets/detail/6789/Which-party-will-win-the-2020-House-race-in-Iowa's-2nd-District,23208,Democratic,0.68,0.34,0.66,0.32,09/11/2020 19:33:35,Open
604,6789,Which party will win the 2020 House race in Iowa's 2nd District?,https://www.predictit.org/markets/detail/6789/Which-party-will-win-the-2020-House-race-in-Iowa's-2nd-District,23208,Democratic,0.68,0.34,0.66,0.32,09/11/2020 19:35:36,Open
605,6789,Which party will win the 2020 House race in Iowa's 2nd District?,https://www.predictit.org/markets/detail/6789/Which-party-will-win-the-2020-House-race-in-Iowa's-2nd-District,23208,Democratic,0.68,0.34,0.66,0.32,09/11/2020 19:37:34,Open
606,6789,Which party will win the 2020 House race in Iowa's 2nd District?,https://www.predictit.org/markets/detail/6789/Which-party-will-win-the-2020-House-race-in-Iowa's-2nd-District,23208,Democratic,0.68,0.34,0.66,0.32,09/11/2020 19:39:34,Open
607,6789,Which party will win the 2020 House race in Iowa's 2nd District?,https://www.predictit.org/markets/detail/6789/Which-party-will-win-the-2020-House-race-in-Iowa's-2nd-District,23208,Democratic,0.68,0.34,0.66,0.32,09/11/2020 19:41:31,Open
608,6789,Which party will win the 2020 House race in Iowa's 2nd District?,https://www.predictit.org/markets/detail/6789/Which-party-will-win-the-2020-House-race-in-Iowa's-2nd-District,23208,Democratic,0.68,0.34,0.66,0.32,09/11/2020 19:43:30,Open
609,6789,Which party will win the 2020 House race in Iowa's 2nd District?,https://www.predictit.org/markets/detail/6789/Which-party-will-win-the-2020-House-race-in-Iowa's-2nd-District,23208,Democratic,0.68,0.34,0.66,0.32,09/11/2020 19:45:29,Open
610,6789,Which party will win the 2020 House race in Iowa's 2nd District?,https://www.predictit.org/markets/detail/6789/Which-party-will-win-the-2020-House-race-in-Iowa's-2nd-District,23208,Democratic,0.68,0.34,0.66,0.32,09/11/2020 19:47:28,Open
611,6789,Which party will win the 2020 House race in Iowa's 2nd District?,https://www.predictit.org/markets/detail/6789/Which-party-will-win-the-2020-House-race-in-Iowa's-2nd-District,23208,Democratic,0.68,0.34,0.66,0.32,09/11/2020 19:49:27,Open
612,6789,Which party will win the 2020 House race in Iowa's 2nd District?,https://www.predictit.org/markets/detail/6789/Which-party-will-win-the-2020-House-race-in-Iowa's-2nd-District,23208,Democratic,0.68,0.34,0.66,0.32,09/11/2020 19:51:26,Open
613,6789,Which party will win the 2020 House race in Iowa's 2nd District?,https://www.predictit.org/markets/detail/6789/Which-party-will-win-the-2020-House-race-in-Iowa's-2nd-District,23208,Democratic,0.68,0.34,0.66,0.32,09/11/2020 19:53:27,Open
614,6789,Which party will win the 2020 House race in Iowa's 2nd District?,https://www.predictit.org/markets/detail/6789/Which-party-will-win-the-2020-House-race-in-Iowa's-2nd-District,23208,Democratic,0.68,0.34,0.66,0.32,09/11/2020 19:55:28,Open
615,6789,Which party will win the 2020 House race in Iowa's 2nd District?,https://www.predictit.org/markets/detail/6789/Which-party-will-win-the-2020-House-race-in-Iowa's-2nd-District,23208,Democratic,0.68,0.34,0.66,0.32,09/11/2020 19:57:30,Open
616,6789,Which party will win the 2020 House race in Iowa's 2nd District?,https://www.predictit.org/markets/detail/6789/Which-party-will-win-the-2020-House-race-in-Iowa's-2nd-District,23208,Democratic,0.68,0.34,0.66,0.32,09/11/2020 19:59:29,Open
617,6789,Which party will win the 2020 House race in Iowa's 2nd District?,https://www.predictit.org/markets/detail/6789/Which-party-will-win-the-2020-House-race-in-Iowa's-2nd-District,23208,Democratic,0.68,0.34,0.66,0.32,09/11/2020 20:01:28,Open
618,6789,Which party will win the 2020 House race in Iowa's 2nd District?,https://www.predictit.org/markets/detail/6789/Which-party-will-win-the-2020-House-race-in-Iowa's-2nd-District,23208,Democratic,0.68,0.34,0.66,0.32,09/11/2020 20:03:26,Open
619,6789,Which party will win the 2020 House race in Iowa's 2nd District?,https://www.predictit.org/markets/detail/6789/Which-party-will-win-the-2020-House-race-in-Iowa's-2nd-District,23208,Democratic,0.68,0.34,0.66,0.32,09/11/2020 20:05:40,Open
620,6789,Which party will win the 2020 House race in Iowa's 2nd District?,https://www.predictit.org/markets/detail/6789/Which-party-will-win-the-2020-House-race-in-Iowa's-2nd-District,23208,Democratic,0.68,0.34,0.66,0.32,09/11/2020 20:07:41,Open
621,6789,Which party will win the 2020 House race in Iowa's 2nd District?,https://www.predictit.org/markets/detail/6789/Which-party-will-win-the-2020-House-race-in-Iowa's-2nd-District,23208,Democratic,0.68,0.34,0.66,0.32,09/11/2020 20:09:40,Open
622,6789,Which party will win the 2020 House race in Iowa's 2nd District?,https://www.predictit.org/markets/detail/6789/Which-party-will-win-the-2020-House-race-in-Iowa's-2nd-District,23208,Democratic,0.68,0.34,0.66,0.32,09/11/2020 20:11:39,Open
623,6789,Which party will win the 2020 House race in Iowa's 2nd District?,https://www.predictit.org/markets/detail/6789/Which-party-will-win-the-2020-House-race-in-Iowa's-2nd-District,23208,Democratic,0.68,0.34,0.66,0.32,09/11/2020 20:13:40,Open
624,6789,Which party will win the 2020 House race in Iowa's 2nd District?,https://www.predictit.org/markets/detail/6789/Which-party-will-win-the-2020-House-race-in-Iowa's-2nd-District,23208,Democratic,0.68,0.34,0.66,0.32,09/11/2020 20:15:38,Open
625,6789,Which party will win the 2020 House race in Iowa's 2nd District?,https://www.predictit.org/markets/detail/6789/Which-party-will-win-the-2020-House-race-in-Iowa's-2nd-District,23208,Democratic,0.68,0.34,0.66,0.32,09/11/2020 20:17:39,Open
626,6789,Which party will win the 2020 House race in Iowa's 2nd District?,https://www.predictit.org/markets/detail/6789/Which-party-will-win-the-2020-House-race-in-Iowa's-2nd-District,23208,Democratic,0.68,0.34,0.66,0.32,09/11/2020 20:19:37,Open
627,6789,Which party will win the 2020 House race in Iowa's 2nd District?,https://www.predictit.org/markets/detail/6789/Which-party-will-win-the-2020-House-race-in-Iowa's-2nd-District,23208,Democratic,0.68,0.34,0.66,0.32,09/11/2020 20:21:35,Open
628,6789,Which party will win the 2020 House race in Iowa's 2nd District?,https://www.predictit.org/markets/detail/6789/Which-party-will-win-the-2020-House-race-in-Iowa's-2nd-District,23208,Democratic,0.68,0.34,0.66,0.32,09/11/2020 20:23:33,Open
629,6789,Which party will win the 2020 House race in Iowa's 2nd District?,https://www.predictit.org/markets/detail/6789/Which-party-will-win-the-2020-House-race-in-Iowa's-2nd-District,23208,Democratic,0.68,0.34,0.66,0.32,09/11/2020 20:25:30,Open
630,6789,Which party will win the 2020 House race in Iowa's 2nd District?,https://www.predictit.org/markets/detail/6789/Which-party-will-win-the-2020-House-race-in-Iowa's-2nd-District,23208,Democratic,0.68,0.34,0.66,0.32,09/11/2020 20:27:27,Open
631,6789,Which party will win the 2020 House race in Iowa's 2nd District?,https://www.predictit.org/markets/detail/6789/Which-party-will-win-the-2020-House-race-in-Iowa's-2nd-District,23208,Democratic,0.68,0.34,0.66,0.32,09/11/2020 20:29:28,Open
632,6789,Which party will win the 2020 House race in Iowa's 2nd District?,https://www.predictit.org/markets/detail/6789/Which-party-will-win-the-2020-House-race-in-Iowa's-2nd-District,23208,Democratic,0.68,0.34,0.66,0.32,09/11/2020 20:31:30,Open
633,6789,Which party will win the 2020 House race in Iowa's 2nd District?,https://www.predictit.org/markets/detail/6789/Which-party-will-win-the-2020-House-race-in-Iowa's-2nd-District,23208,Democratic,0.68,0.34,0.66,0.32,09/11/2020 20:33:28,Open
634,6789,Which party will win the 2020 House race in Iowa's 2nd District?,https://www.predictit.org/markets/detail/6789/Which-party-will-win-the-2020-House-race-in-Iowa's-2nd-District,23208,Democratic,0.68,0.34,0.66,0.32,09/11/2020 20:35:26,Open
635,6789,Which party will win the 2020 House race in Iowa's 2nd District?,https://www.predictit.org/markets/detail/6789/Which-party-will-win-the-2020-House-race-in-Iowa's-2nd-District,23208,Democratic,0.68,0.34,0.66,0.32,09/11/2020 20:37:23,Open
636,6789,Which party will win the 2020 House race in Iowa's 2nd District?,https://www.predictit.org/markets/detail/6789/Which-party-will-win-the-2020-House-race-in-Iowa's-2nd-District,23208,Democratic,0.68,0.34,0.66,0.32,09/11/2020 20:39:22,Open
637,6789,Which party will win the 2020 House race in Iowa's 2nd District?,https://www.predictit.org/markets/detail/6789/Which-party-will-win-the-2020-House-race-in-Iowa's-2nd-District,23208,Democratic,0.68,0.34,0.66,0.32,09/11/2020 20:41:21,Open
638,6789,Which party will win the 2020 House race in Iowa's 2nd District?,https://www.predictit.org/markets/detail/6789/Which-party-will-win-the-2020-House-race-in-Iowa's-2nd-District,23208,Democratic,0.68,0.34,0.66,0.32,09/11/2020 20:43:20,Open
639,6789,Which party will win the 2020 House race in Iowa's 2nd District?,https://www.predictit.org/markets/detail/6789/Which-party-will-win-the-2020-House-race-in-Iowa's-2nd-District,23208,Democratic,0.68,0.34,0.66,0.32,09/11/2020 20:45:20,Open
640,6789,Which party will win the 2020 House race in Iowa's 2nd District?,https://www.predictit.org/markets/detail/6789/Which-party-will-win-the-2020-House-race-in-Iowa's-2nd-District,23208,Democratic,0.68,0.34,0.66,0.32,09/11/2020 20:47:37,Open
641,6789,Which party will win the 2020 House race in Iowa's 2nd District?,https://www.predictit.org/markets/detail/6789/Which-party-will-win-the-2020-House-race-in-Iowa's-2nd-District,23208,Democratic,0.68,0.34,0.66,0.32,09/11/2020 20:49:35,Open
642,6789,Which party will win the 2020 House race in Iowa's 2nd District?,https://www.predictit.org/markets/detail/6789/Which-party-will-win-the-2020-House-race-in-Iowa's-2nd-District,23208,Democratic,0.68,0.34,0.66,0.32,09/11/2020 20:51:37,Open
643,6789,Which party will win the 2020 House race in Iowa's 2nd District?,https://www.predictit.org/markets/detail/6789/Which-party-will-win-the-2020-House-race-in-Iowa's-2nd-District,23208,Democratic,0.68,0.34,0.66,0.32,09/11/2020 20:53:34,Open
644,6789,Which party will win the 2020 House race in Iowa's 2nd District?,https://www.predictit.org/markets/detail/6789/Which-party-will-win-the-2020-House-race-in-Iowa's-2nd-District,23208,Democratic,0.68,0.34,0.66,0.32,09/11/2020 20:55:33,Open
645,6789,Which party will win the 2020 House race in Iowa's 2nd District?,https://www.predictit.org/markets/detail/6789/Which-party-will-win-the-2020-House-race-in-Iowa's-2nd-District,23208,Democratic,0.68,0.34,0.66,0.32,09/11/2020 20:57:30,Open
646,6789,Which party will win the 2020 House race in Iowa's 2nd District?,https://www.predictit.org/markets/detail/6789/Which-party-will-win-the-2020-House-race-in-Iowa's-2nd-District,23208,Democratic,0.68,0.34,0.66,0.32,09/11/2020 20:59:28,Open
647,6789,Which party will win the 2020 House race in Iowa's 2nd District?,https://www.predictit.org/markets/detail/6789/Which-party-will-win-the-2020-House-race-in-Iowa's-2nd-District,23208,Democratic,0.68,0.34,0.66,0.32,09/11/2020 21:01:27,Open
648,6789,Which party will win the 2020 House race in Iowa's 2nd District?,https://www.predictit.org/markets/detail/6789/Which-party-will-win-the-2020-House-race-in-Iowa's-2nd-District,23208,Democratic,0.68,0.34,0.66,0.32,09/11/2020 21:03:26,Open
649,6789,Which party will win the 2020 House race in Iowa's 2nd District?,https://www.predictit.org/markets/detail/6789/Which-party-will-win-the-2020-House-race-in-Iowa's-2nd-District,23208,Democratic,0.68,0.34,0.66,0.32,09/11/2020 21:05:26,Open
650,6789,Which party will win the 2020 House race in Iowa's 2nd District?,https://www.predictit.org/markets/detail/6789/Which-party-will-win-the-2020-House-race-in-Iowa's-2nd-District,23208,Democratic,0.68,0.34,0.66,0.32,09/11/2020 21:07:28,Open
651,6789,Which party will win the 2020 House race in Iowa's 2nd District?,https://www.predictit.org/markets/detail/6789/Which-party-will-win-the-2020-House-race-in-Iowa's-2nd-District,23208,Democratic,0.68,0.34,0.66,0.32,09/11/2020 21:09:28,Open
652,6789,Which party will win the 2020 House race in Iowa's 2nd District?,https://www.predictit.org/markets/detail/6789/Which-party-will-win-the-2020-House-race-in-Iowa's-2nd-District,23208,Democratic,0.68,0.34,0.66,0.32,09/11/2020 21:11:29,Open
653,6789,Which party will win the 2020 House race in Iowa's 2nd District?,https://www.predictit.org/markets/detail/6789/Which-party-will-win-the-2020-House-race-in-Iowa's-2nd-District,23208,Democratic,0.68,0.34,0.66,0.32,09/11/2020 21:13:29,Open
654,6789,Which party will win the 2020 House race in Iowa's 2nd District?,https://www.predictit.org/markets/detail/6789/Which-party-will-win-the-2020-House-race-in-Iowa's-2nd-District,23208,Democratic,0.68,0.34,0.66,0.32,09/11/2020 21:15:30,Open
655,6789,Which party will win the 2020 House race in Iowa's 2nd District?,https://www.predictit.org/markets/detail/6789/Which-party-will-win-the-2020-House-race-in-Iowa's-2nd-District,23208,Democratic,0.68,0.34,0.66,0.32,09/11/2020 21:17:33,Open
656,6789,Which party will win the 2020 House race in Iowa's 2nd District?,https://www.predictit.org/markets/detail/6789/Which-party-will-win-the-2020-House-race-in-Iowa's-2nd-District,23208,Democratic,0.68,0.34,0.66,0.32,09/11/2020 21:19:32,Open
657,6789,Which party will win the 2020 House race in Iowa's 2nd District?,https://www.predictit.org/markets/detail/6789/Which-party-will-win-the-2020-House-race-in-Iowa's-2nd-District,23208,Democratic,0.68,0.34,0.66,0.32,09/11/2020 21:21:33,Open
658,6789,Which party will win the 2020 House race in Iowa's 2nd District?,https://www.predictit.org/markets/detail/6789/Which-party-will-win-the-2020-House-race-in-Iowa's-2nd-District,23208,Democratic,0.68,0.34,0.66,0.32,09/11/2020 21:23:35,Open
659,6789,Which party will win the 2020 House race in Iowa's 2nd District?,https://www.predictit.org/markets/detail/6789/Which-party-will-win-the-2020-House-race-in-Iowa's-2nd-District,23208,Democratic,0.68,0.34,0.66,0.32,09/11/2020 21:25:33,Open
660,6789,Which party will win the 2020 House race in Iowa's 2nd District?,https://www.predictit.org/markets/detail/6789/Which-party-will-win-the-2020-House-race-in-Iowa's-2nd-District,23208,Democratic,0.68,0.34,0.66,0.32,09/11/2020 21:27:31,Open
661,6789,Which party will win the 2020 House race in Iowa's 2nd District?,https://www.predictit.org/markets/detail/6789/Which-party-will-win-the-2020-House-race-in-Iowa's-2nd-District,23208,Democratic,0.68,0.34,0.66,0.32,09/11/2020 21:29:30,Open
662,6789,Which party will win the 2020 House race in Iowa's 2nd District?,https://www.predictit.org/markets/detail/6789/Which-party-will-win-the-2020-House-race-in-Iowa's-2nd-District,23208,Democratic,0.68,0.34,0.66,0.32,09/11/2020 21:31:29,Open
663,6789,Which party will win the 2020 House race in Iowa's 2nd District?,https://www.predictit.org/markets/detail/6789/Which-party-will-win-the-2020-House-race-in-Iowa's-2nd-District,23208,Democratic,0.68,0.34,0.66,0.32,09/11/2020 21:33:30,Open
664,6789,Which party will win the 2020 House race in Iowa's 2nd District?,https://www.predictit.org/markets/detail/6789/Which-party-will-win-the-2020-House-race-in-Iowa's-2nd-District,23208,Democratic,0.68,0.34,0.66,0.32,09/11/2020 21:35:29,Open
665,6789,Which party will win the 2020 House race in Iowa's 2nd District?,https://www.predictit.org/markets/detail/6789/Which-party-will-win-the-2020-House-race-in-Iowa's-2nd-District,23208,Democratic,0.68,0.34,0.66,0.32,09/11/2020 21:37:30,Open
666,6789,Which party will win the 2020 House race in Iowa's 2nd District?,https://www.predictit.org/markets/detail/6789/Which-party-will-win-the-2020-House-race-in-Iowa's-2nd-District,23208,Democratic,0.68,0.34,0.66,0.32,09/11/2020 21:40:03,Open
667,6789,Which party will win the 2020 House race in Iowa's 2nd District?,https://www.predictit.org/markets/detail/6789/Which-party-will-win-the-2020-House-race-in-Iowa's-2nd-District,23208,Democratic,0.68,0.34,0.66,0.32,09/11/2020 21:42:02,Open
668,6789,Which party will win the 2020 House race in Iowa's 2nd District?,https://www.predictit.org/markets/detail/6789/Which-party-will-win-the-2020-House-race-in-Iowa's-2nd-District,23208,Democratic,0.68,0.34,0.66,0.32,09/11/2020 21:44:04,Open
669,6789,Which party will win the 2020 House race in Iowa's 2nd District?,https://www.predictit.org/markets/detail/6789/Which-party-will-win-the-2020-House-race-in-Iowa's-2nd-District,23208,Democratic,0.68,0.34,0.66,0.32,09/11/2020 21:46:03,Open
670,6789,Which party will win the 2020 House race in Iowa's 2nd District?,https://www.predictit.org/markets/detail/6789/Which-party-will-win-the-2020-House-race-in-Iowa's-2nd-District,23208,Democratic,0.68,0.34,0.66,0.32,09/11/2020 21:48:03,Open
671,6789,Which party will win the 2020 House race in Iowa's 2nd District?,https://www.predictit.org/markets/detail/6789/Which-party-will-win-the-2020-House-race-in-Iowa's-2nd-District,23208,Democratic,0.68,0.34,0.66,0.32,09/11/2020 21:50:04,Open
672,6789,Which party will win the 2020 House race in Iowa's 2nd District?,https://www.predictit.org/markets/detail/6789/Which-party-will-win-the-2020-House-race-in-Iowa's-2nd-District,23208,Democratic,0.68,0.34,0.66,0.32,09/11/2020 21:52:05,Open
673,6789,Which party will win the 2020 House race in Iowa's 2nd District?,https://www.predictit.org/markets/detail/6789/Which-party-will-win-the-2020-House-race-in-Iowa's-2nd-District,23208,Democratic,0.68,0.34,0.66,0.32,09/11/2020 21:54:05,Open
674,6789,Which party will win the 2020 House race in Iowa's 2nd District?,https://www.predictit.org/markets/detail/6789/Which-party-will-win-the-2020-House-race-in-Iowa's-2nd-District,23208,Democratic,0.68,0.34,0.66,0.32,09/11/2020 21:56:09,Open
675,6789,Which party will win the 2020 House race in Iowa's 2nd District?,https://www.predictit.org/markets/detail/6789/Which-party-will-win-the-2020-House-race-in-Iowa's-2nd-District,23208,Democratic,0.68,0.34,0.66,0.32,09/11/2020 21:58:13,Open
676,6789,Which party will win the 2020 House race in Iowa's 2nd District?,https://www.predictit.org/markets/detail/6789/Which-party-will-win-the-2020-House-race-in-Iowa's-2nd-District,23208,Democratic,0.68,0.34,0.66,0.32,09/11/2020 22:00:13,Open
677,6789,Which party will win the 2020 House race in Iowa's 2nd District?,https://www.predictit.org/markets/detail/6789/Which-party-will-win-the-2020-House-race-in-Iowa's-2nd-District,23208,Democratic,0.68,0.34,0.66,0.32,09/11/2020 22:02:14,Open
678,6789,Which party will win the 2020 House race in Iowa's 2nd District?,https://www.predictit.org/markets/detail/6789/Which-party-will-win-the-2020-House-race-in-Iowa's-2nd-District,23208,Democratic,0.68,0.34,0.66,0.32,09/11/2020 22:04:15,Open
679,6789,Which party will win the 2020 House race in Iowa's 2nd District?,https://www.predictit.org/markets/detail/6789/Which-party-will-win-the-2020-House-race-in-Iowa's-2nd-District,23208,Democratic,0.68,0.34,0.66,0.32,09/11/2020 22:06:16,Open
680,6789,Which party will win the 2020 House race in Iowa's 2nd District?,https://www.predictit.org/markets/detail/6789/Which-party-will-win-the-2020-House-race-in-Iowa's-2nd-District,23208,Democratic,0.68,0.34,0.66,0.32,09/11/2020 22:08:16,Open
681,6789,Which party will win the 2020 House race in Iowa's 2nd District?,https://www.predictit.org/markets/detail/6789/Which-party-will-win-the-2020-House-race-in-Iowa's-2nd-District,23208,Democratic,0.68,0.34,0.66,0.32,09/11/2020 22:10:16,Open
682,6789,Which party will win the 2020 House race in Iowa's 2nd District?,https://www.predictit.org/markets/detail/6789/Which-party-will-win-the-2020-House-race-in-Iowa's-2nd-District,23208,Democratic,0.68,0.34,0.66,0.32,09/11/2020 22:12:16,Open
683,6789,Which party will win the 2020 House race in Iowa's 2nd District?,https://www.predictit.org/markets/detail/6789/Which-party-will-win-the-2020-House-race-in-Iowa's-2nd-District,23208,Democratic,0.68,0.34,0.66,0.32,09/11/2020 22:14:18,Open
684,6789,Which party will win the 2020 House race in Iowa's 2nd District?,https://www.predictit.org/markets/detail/6789/Which-party-will-win-the-2020-House-race-in-Iowa's-2nd-District,23208,Democratic,0.68,0.34,0.66,0.32,09/11/2020 22:16:20,Open
685,6789,Which party will win the 2020 House race in Iowa's 2nd District?,https://www.predictit.org/markets/detail/6789/Which-party-will-win-the-2020-House-race-in-Iowa's-2nd-District,23208,Democratic,0.68,0.34,0.66,0.32,09/11/2020 22:18:20,Open
686,6789,Which party will win the 2020 House race in Iowa's 2nd District?,https://www.predictit.org/markets/detail/6789/Which-party-will-win-the-2020-House-race-in-Iowa's-2nd-District,23208,Democratic,0.68,0.34,0.66,0.32,09/11/2020 22:20:21,Open
687,6789,Which party will win the 2020 House race in Iowa's 2nd District?,https://www.predictit.org/markets/detail/6789/Which-party-will-win-the-2020-House-race-in-Iowa's-2nd-District,23208,Democratic,0.68,0.34,0.66,0.32,09/11/2020 22:22:23,Open
688,6789,Which party will win the 2020 House race in Iowa's 2nd District?,https://www.predictit.org/markets/detail/6789/Which-party-will-win-the-2020-House-race-in-Iowa's-2nd-District,23208,Democratic,0.68,0.34,0.66,0.32,09/11/2020 22:24:23,Open
689,6789,Which party will win the 2020 House race in Iowa's 2nd District?,https://www.predictit.org/markets/detail/6789/Which-party-will-win-the-2020-House-race-in-Iowa's-2nd-District,23208,Democratic,0.68,0.34,0.66,0.32,09/11/2020 22:26:24,Open
690,6789,Which party will win the 2020 House race in Iowa's 2nd District?,https://www.predictit.org/markets/detail/6789/Which-party-will-win-the-2020-House-race-in-Iowa's-2nd-District,23208,Democratic,0.68,0.34,0.66,0.32,09/11/2020 22:28:27,Open
691,6789,Which party will win the 2020 House race in Iowa's 2nd District?,https://www.predictit.org/markets/detail/6789/Which-party-will-win-the-2020-House-race-in-Iowa's-2nd-District,23208,Democratic,0.68,0.34,0.66,0.32,09/11/2020 22:30:30,Open
692,6789,Which party will win the 2020 House race in Iowa's 2nd District?,https://www.predictit.org/markets/detail/6789/Which-party-will-win-the-2020-House-race-in-Iowa's-2nd-District,23208,Democratic,0.68,0.34,0.66,0.32,09/11/2020 22:32:50,Open
693,6789,Which party will win the 2020 House race in Iowa's 2nd District?,https://www.predictit.org/markets/detail/6789/Which-party-will-win-the-2020-House-race-in-Iowa's-2nd-District,23208,Democratic,0.68,0.34,0.66,0.32,09/11/2020 22:34:50,Open
694,6789,Which party will win the 2020 House race in Iowa's 2nd District?,https://www.predictit.org/markets/detail/6789/Which-party-will-win-the-2020-House-race-in-Iowa's-2nd-District,23208,Democratic,0.68,0.37,0.63,0.32,09/11/2020 22:36:50,Open
695,6789,Which party will win the 2020 House race in Iowa's 2nd District?,https://www.predictit.org/markets/detail/6789/Which-party-will-win-the-2020-House-race-in-Iowa's-2nd-District,23208,Democratic,0.68,0.37,0.63,0.32,09/11/2020 22:38:52,Open
696,6789,Which party will win the 2020 House race in Iowa's 2nd District?,https://www.predictit.org/markets/detail/6789/Which-party-will-win-the-2020-House-race-in-Iowa's-2nd-District,23208,Democratic,0.68,0.37,0.63,0.32,09/11/2020 22:40:53,Open
697,6789,Which party will win the 2020 House race in Iowa's 2nd District?,https://www.predictit.org/markets/detail/6789/Which-party-will-win-the-2020-House-race-in-Iowa's-2nd-District,23208,Democratic,0.68,0.37,0.63,0.32,09/11/2020 22:42:54,Open
698,6789,Which party will win the 2020 House race in Iowa's 2nd District?,https://www.predictit.org/markets/detail/6789/Which-party-will-win-the-2020-House-race-in-Iowa's-2nd-District,23208,Democratic,0.68,0.37,0.63,0.32,09/11/2020 22:45:00,Open
699,6789,Which party will win the 2020 House race in Iowa's 2nd District?,https://www.predictit.org/markets/detail/6789/Which-party-will-win-the-2020-House-race-in-Iowa's-2nd-District,23208,Democratic,0.68,0.37,0.63,0.32,09/11/2020 22:47:01,Open
700,6789,Which party will win the 2020 House race in Iowa's 2nd District?,https://www.predictit.org/markets/detail/6789/Which-party-will-win-the-2020-House-race-in-Iowa's-2nd-District,23208,Democratic,0.68,0.37,0.63,0.32,09/11/2020 22:49:04,Open
701,6789,Which party will win the 2020 House race in Iowa's 2nd District?,https://www.predictit.org/markets/detail/6789/Which-party-will-win-the-2020-House-race-in-Iowa's-2nd-District,23208,Democratic,0.68,0.37,0.63,0.32,09/11/2020 22:51:08,Open
702,6789,Which party will win the 2020 House race in Iowa's 2nd District?,https://www.predictit.org/markets/detail/6789/Which-party-will-win-the-2020-House-race-in-Iowa's-2nd-District,23208,Democratic,0.68,0.37,0.63,0.32,09/11/2020 22:53:09,Open
703,6789,Which party will win the 2020 House race in Iowa's 2nd District?,https://www.predictit.org/markets/detail/6789/Which-party-will-win-the-2020-House-race-in-Iowa's-2nd-District,23208,Democratic,0.68,0.37,0.63,0.32,09/11/2020 22:55:11,Open
704,6789,Which party will win the 2020 House race in Iowa's 2nd District?,https://www.predictit.org/markets/detail/6789/Which-party-will-win-the-2020-House-race-in-Iowa's-2nd-District,23208,Democratic,0.68,0.37,0.63,0.32,09/11/2020 22:57:15,Open
705,6789,Which party will win the 2020 House race in Iowa's 2nd District?,https://www.predictit.org/markets/detail/6789/Which-party-will-win-the-2020-House-race-in-Iowa's-2nd-District,23208,Democratic,0.68,0.37,0.63,0.32,09/11/2020 22:59:18,Open
706,6789,Which party will win the 2020 House race in Iowa's 2nd District?,https://www.predictit.org/markets/detail/6789/Which-party-will-win-the-2020-House-race-in-Iowa's-2nd-District,23208,Democratic,0.68,0.37,0.63,0.32,09/11/2020 23:01:25,Open
707,6789,Which party will win the 2020 House race in Iowa's 2nd District?,https://www.predictit.org/markets/detail/6789/Which-party-will-win-the-2020-House-race-in-Iowa's-2nd-District,23208,Democratic,0.68,0.37,0.63,0.32,09/11/2020 23:03:26,Open
708,6789,Which party will win the 2020 House race in Iowa's 2nd District?,https://www.predictit.org/markets/detail/6789/Which-party-will-win-the-2020-House-race-in-Iowa's-2nd-District,23208,Democratic,0.68,0.37,0.63,0.32,09/11/2020 23:05:29,Open
709,6789,Which party will win the 2020 House race in Iowa's 2nd District?,https://www.predictit.org/markets/detail/6789/Which-party-will-win-the-2020-House-race-in-Iowa's-2nd-District,23208,Democratic,0.68,0.37,0.63,0.32,09/11/2020 23:07:30,Open
710,6789,Which party will win the 2020 House race in Iowa's 2nd District?,https://www.predictit.org/markets/detail/6789/Which-party-will-win-the-2020-House-race-in-Iowa's-2nd-District,23208,Democratic,0.68,0.37,0.63,0.32,09/11/2020 23:09:30,Open
711,6789,Which party will win the 2020 House race in Iowa's 2nd District?,https://www.predictit.org/markets/detail/6789/Which-party-will-win-the-2020-House-race-in-Iowa's-2nd-District,23208,Democratic,0.68,0.37,0.63,0.32,09/11/2020 23:12:11,Open
712,6789,Which party will win the 2020 House race in Iowa's 2nd District?,https://www.predictit.org/markets/detail/6789/Which-party-will-win-the-2020-House-race-in-Iowa's-2nd-District,23208,Democratic,0.68,0.37,0.63,0.32,09/11/2020 23:14:12,Open
713,6789,Which party will win the 2020 House race in Iowa's 2nd District?,https://www.predictit.org/markets/detail/6789/Which-party-will-win-the-2020-House-race-in-Iowa's-2nd-District,23208,Democratic,0.68,0.36,0.64,0.32,09/11/2020 23:16:15,Open
714,6789,Which party will win the 2020 House race in Iowa's 2nd District?,https://www.predictit.org/markets/detail/6789/Which-party-will-win-the-2020-House-race-in-Iowa's-2nd-District,23208,Democratic,0.68,0.36,0.64,0.32,09/11/2020 23:18:16,Open
715,6789,Which party will win the 2020 House race in Iowa's 2nd District?,https://www.predictit.org/markets/detail/6789/Which-party-will-win-the-2020-House-race-in-Iowa's-2nd-District,23208,Democratic,0.68,0.36,0.64,0.32,09/11/2020 23:20:17,Open
716,6789,Which party will win the 2020 House race in Iowa's 2nd District?,https://www.predictit.org/markets/detail/6789/Which-party-will-win-the-2020-House-race-in-Iowa's-2nd-District,23208,Democratic,0.68,0.34,0.66,0.32,09/11/2020 23:22:21,Open
717,6789,Which party will win the 2020 House race in Iowa's 2nd District?,https://www.predictit.org/markets/detail/6789/Which-party-will-win-the-2020-House-race-in-Iowa's-2nd-District,23208,Democratic,0.68,0.34,0.66,0.32,09/11/2020 23:24:22,Open
718,6789,Which party will win the 2020 House race in Iowa's 2nd District?,https://www.predictit.org/markets/detail/6789/Which-party-will-win-the-2020-House-race-in-Iowa's-2nd-District,23208,Democratic,0.68,0.34,0.66,0.32,09/11/2020 23:26:23,Open
719,6789,Which party will win the 2020 House race in Iowa's 2nd District?,https://www.predictit.org/markets/detail/6789/Which-party-will-win-the-2020-House-race-in-Iowa's-2nd-District,23208,Democratic,0.68,0.34,0.66,0.32,09/11/2020 23:28:27,Open
720,6789,Which party will win the 2020 House race in Iowa's 2nd District?,https://www.predictit.org/markets/detail/6789/Which-party-will-win-the-2020-House-race-in-Iowa's-2nd-District,23208,Democratic,0.68,0.34,0.66,0.32,09/11/2020 23:30:30,Open
721,6789,Which party will win the 2020 House race in Iowa's 2nd District?,https://www.predictit.org/markets/detail/6789/Which-party-will-win-the-2020-House-race-in-Iowa's-2nd-District,23208,Democratic,0.68,0.34,0.66,0.32,09/11/2020 23:32:33,Open
722,6789,Which party will win the 2020 House race in Iowa's 2nd District?,https://www.predictit.org/markets/detail/6789/Which-party-will-win-the-2020-House-race-in-Iowa's-2nd-District,23208,Democratic,0.68,0.34,0.66,0.32,09/11/2020 23:34:34,Open
723,6789,Which party will win the 2020 House race in Iowa's 2nd District?,https://www.predictit.org/markets/detail/6789/Which-party-will-win-the-2020-House-race-in-Iowa's-2nd-District,23208,Democratic,0.68,0.34,0.66,0.32,09/11/2020 23:36:36,Open
724,6789,Which party will win the 2020 House race in Iowa's 2nd District?,https://www.predictit.org/markets/detail/6789/Which-party-will-win-the-2020-House-race-in-Iowa's-2nd-District,23208,Democratic,0.68,0.34,0.66,0.32,09/11/2020 23:38:40,Open
725,6789,Which party will win the 2020 House race in Iowa's 2nd District?,https://www.predictit.org/markets/detail/6789/Which-party-will-win-the-2020-House-race-in-Iowa's-2nd-District,23208,Democratic,0.68,0.34,0.66,0.32,09/11/2020 23:40:41,Open
726,6789,Which party will win the 2020 House race in Iowa's 2nd District?,https://www.predictit.org/markets/detail/6789/Which-party-will-win-the-2020-House-race-in-Iowa's-2nd-District,23208,Democratic,0.68,0.34,0.66,0.32,09/11/2020 23:42:46,Open
727,6789,Which party will win the 2020 House race in Iowa's 2nd District?,https://www.predictit.org/markets/detail/6789/Which-party-will-win-the-2020-House-race-in-Iowa's-2nd-District,23208,Democratic,0.68,0.34,0.66,0.32,09/11/2020 23:44:52,Open
728,6789,Which party will win the 2020 House race in Iowa's 2nd District?,https://www.predictit.org/markets/detail/6789/Which-party-will-win-the-2020-House-race-in-Iowa's-2nd-District,23208,Democratic,0.68,0.34,0.66,0.32,09/11/2020 23:46:56,Open
729,6789,Which party will win the 2020 House race in Iowa's 2nd District?,https://www.predictit.org/markets/detail/6789/Which-party-will-win-the-2020-House-race-in-Iowa's-2nd-District,23208,Democratic,0.68,0.34,0.66,0.32,09/11/2020 23:49:00,Open
730,6789,Which party will win the 2020 House race in Iowa's 2nd District?,https://www.predictit.org/markets/detail/6789/Which-party-will-win-the-2020-House-race-in-Iowa's-2nd-District,23208,Democratic,0.68,0.34,0.66,0.32,09/11/2020 23:51:01,Open
731,6789,Which party will win the 2020 House race in Iowa's 2nd District?,https://www.predictit.org/markets/detail/6789/Which-party-will-win-the-2020-House-race-in-Iowa's-2nd-District,23208,Democratic,0.68,0.34,0.66,0.32,09/11/2020 23:53:05,Open
732,6789,Which party will win the 2020 House race in Iowa's 2nd District?,https://www.predictit.org/markets/detail/6789/Which-party-will-win-the-2020-House-race-in-Iowa's-2nd-District,23208,Democratic,0.68,0.34,0.66,0.32,09/11/2020 23:55:08,Open
733,6789,Which party will win the 2020 House race in Iowa's 2nd District?,https://www.predictit.org/markets/detail/6789/Which-party-will-win-the-2020-House-race-in-Iowa's-2nd-District,23208,Democratic,0.68,0.34,0.66,0.32,09/11/2020 23:57:13,Open
734,6789,Which party will win the 2020 House race in Iowa's 2nd District?,https://www.predictit.org/markets/detail/6789/Which-party-will-win-the-2020-House-race-in-Iowa's-2nd-District,23208,Democratic,0.68,0.34,0.66,0.32,09/11/2020 23:59:58,Open
735,6789,Which party will win the 2020 House race in Iowa's 2nd District?,https://www.predictit.org/markets/detail/6789/Which-party-will-win-the-2020-House-race-in-Iowa's-2nd-District,23208,Democratic,0.68,0.34,0.66,0.32,09/12/2020 00:02:01,Open
736,6789,Which party will win the 2020 House race in Iowa's 2nd District?,https://www.predictit.org/markets/detail/6789/Which-party-will-win-the-2020-House-race-in-Iowa's-2nd-District,23208,Democratic,0.68,0.34,0.66,0.32,09/12/2020 00:04:03,Open
737,6789,Which party will win the 2020 House race in Iowa's 2nd District?,https://www.predictit.org/markets/detail/6789/Which-party-will-win-the-2020-House-race-in-Iowa's-2nd-District,23208,Democratic,0.68,0.34,0.66,0.32,09/12/2020 00:06:08,Open
738,6789,Which party will win the 2020 House race in Iowa's 2nd District?,https://www.predictit.org/markets/detail/6789/Which-party-will-win-the-2020-House-race-in-Iowa's-2nd-District,23208,Democratic,0.68,0.34,0.66,0.32,09/12/2020 00:08:11,Open
739,6789,Which party will win the 2020 House race in Iowa's 2nd District?,https://www.predictit.org/markets/detail/6789/Which-party-will-win-the-2020-House-race-in-Iowa's-2nd-District,23208,Democratic,0.68,0.34,0.66,0.32,09/12/2020 00:10:15,Open
740,6789,Which party will win the 2020 House race in Iowa's 2nd District?,https://www.predictit.org/markets/detail/6789/Which-party-will-win-the-2020-House-race-in-Iowa's-2nd-District,23208,Democratic,0.68,0.34,0.66,0.32,09/12/2020 00:12:21,Open
741,6789,Which party will win the 2020 House race in Iowa's 2nd District?,https://www.predictit.org/markets/detail/6789/Which-party-will-win-the-2020-House-race-in-Iowa's-2nd-District,23208,Democratic,0.68,0.34,0.66,0.32,09/12/2020 00:14:23,Open
742,6789,Which party will win the 2020 House race in Iowa's 2nd District?,https://www.predictit.org/markets/detail/6789/Which-party-will-win-the-2020-House-race-in-Iowa's-2nd-District,23208,Democratic,0.68,0.34,0.66,0.32,09/12/2020 00:16:26,Open
743,6789,Which party will win the 2020 House race in Iowa's 2nd District?,https://www.predictit.org/markets/detail/6789/Which-party-will-win-the-2020-House-race-in-Iowa's-2nd-District,23208,Democratic,0.68,0.34,0.66,0.32,09/12/2020 00:18:29,Open
744,6789,Which party will win the 2020 House race in Iowa's 2nd District?,https://www.predictit.org/markets/detail/6789/Which-party-will-win-the-2020-House-race-in-Iowa's-2nd-District,23208,Democratic,0.68,0.34,0.66,0.32,09/12/2020 00:20:32,Open
745,6789,Which party will win the 2020 House race in Iowa's 2nd District?,https://www.predictit.org/markets/detail/6789/Which-party-will-win-the-2020-House-race-in-Iowa's-2nd-District,23208,Democratic,0.68,0.34,0.66,0.32,09/12/2020 00:22:37,Open
746,6789,Which party will win the 2020 House race in Iowa's 2nd District?,https://www.predictit.org/markets/detail/6789/Which-party-will-win-the-2020-House-race-in-Iowa's-2nd-District,23208,Democratic,0.68,0.34,0.66,0.32,09/12/2020 00:24:39,Open
747,6789,Which party will win the 2020 House race in Iowa's 2nd District?,https://www.predictit.org/markets/detail/6789/Which-party-will-win-the-2020-House-race-in-Iowa's-2nd-District,23208,Democratic,0.68,0.34,0.66,0.32,09/12/2020 00:26:43,Open
748,6789,Which party will win the 2020 House race in Iowa's 2nd District?,https://www.predictit.org/markets/detail/6789/Which-party-will-win-the-2020-House-race-in-Iowa's-2nd-District,23208,Democratic,0.68,0.34,0.66,0.32,09/12/2020 00:28:45,Open
749,6789,Which party will win the 2020 House race in Iowa's 2nd District?,https://www.predictit.org/markets/detail/6789/Which-party-will-win-the-2020-House-race-in-Iowa's-2nd-District,23208,Democratic,0.68,0.34,0.66,0.32,09/12/2020 00:31:08,Open
750,6789,Which party will win the 2020 House race in Iowa's 2nd District?,https://www.predictit.org/markets/detail/6789/Which-party-will-win-the-2020-House-race-in-Iowa's-2nd-District,23208,Democratic,0.68,0.34,0.66,0.32,09/12/2020 00:33:12,Open
751,6789,Which party will win the 2020 House race in Iowa's 2nd District?,https://www.predictit.org/markets/detail/6789/Which-party-will-win-the-2020-House-race-in-Iowa's-2nd-District,23208,Democratic,0.68,0.34,0.66,0.32,09/12/2020 00:35:15,Open
752,6789,Which party will win the 2020 House race in Iowa's 2nd District?,https://www.predictit.org/markets/detail/6789/Which-party-will-win-the-2020-House-race-in-Iowa's-2nd-District,23208,Democratic,0.68,0.34,0.66,0.32,09/12/2020 00:37:19,Open
753,6789,Which party will win the 2020 House race in Iowa's 2nd District?,https://www.predictit.org/markets/detail/6789/Which-party-will-win-the-2020-House-race-in-Iowa's-2nd-District,23208,Democratic,0.68,0.34,0.66,0.32,09/12/2020 00:39:22,Open
754,6789,Which party will win the 2020 House race in Iowa's 2nd District?,https://www.predictit.org/markets/detail/6789/Which-party-will-win-the-2020-House-race-in-Iowa's-2nd-District,23208,Democratic,0.68,0.34,0.66,0.32,09/12/2020 00:41:24,Open
755,6789,Which party will win the 2020 House race in Iowa's 2nd District?,https://www.predictit.org/markets/detail/6789/Which-party-will-win-the-2020-House-race-in-Iowa's-2nd-District,23208,Democratic,0.68,0.34,0.66,0.32,09/12/2020 00:43:29,Open
756,6789,Which party will win the 2020 House race in Iowa's 2nd District?,https://www.predictit.org/markets/detail/6789/Which-party-will-win-the-2020-House-race-in-Iowa's-2nd-District,23208,Democratic,0.68,0.34,0.66,0.32,09/12/2020 00:45:33,Open
757,6789,Which party will win the 2020 House race in Iowa's 2nd District?,https://www.predictit.org/markets/detail/6789/Which-party-will-win-the-2020-House-race-in-Iowa's-2nd-District,23208,Democratic,0.68,0.34,0.66,0.32,09/12/2020 00:47:38,Open
758,6789,Which party will win the 2020 House race in Iowa's 2nd District?,https://www.predictit.org/markets/detail/6789/Which-party-will-win-the-2020-House-race-in-Iowa's-2nd-District,23208,Democratic,0.68,0.34,0.66,0.32,09/12/2020 00:49:46,Open
759,6789,Which party will win the 2020 House race in Iowa's 2nd District?,https://www.predictit.org/markets/detail/6789/Which-party-will-win-the-2020-House-race-in-Iowa's-2nd-District,23208,Democratic,0.68,0.34,0.66,0.32,09/12/2020 00:51:49,Open
760,6789,Which party will win the 2020 House race in Iowa's 2nd District?,https://www.predictit.org/markets/detail/6789/Which-party-will-win-the-2020-House-race-in-Iowa's-2nd-District,23208,Democratic,0.68,0.34,0.66,0.32,09/12/2020 00:53:52,Open
761,6789,Which party will win the 2020 House race in Iowa's 2nd District?,https://www.predictit.org/markets/detail/6789/Which-party-will-win-the-2020-House-race-in-Iowa's-2nd-District,23208,Democratic,0.68,0.34,0.66,0.32,09/12/2020 00:55:54,Open
762,6789,Which party will win the 2020 House race in Iowa's 2nd District?,https://www.predictit.org/markets/detail/6789/Which-party-will-win-the-2020-House-race-in-Iowa's-2nd-District,23208,Democratic,0.68,0.34,0.66,0.32,09/12/2020 00:57:57,Open
763,6789,Which party will win the 2020 House race in Iowa's 2nd District?,https://www.predictit.org/markets/detail/6789/Which-party-will-win-the-2020-House-race-in-Iowa's-2nd-District,23208,Democratic,0.68,0.34,0.66,0.32,09/12/2020 01:00:01,Open
764,6789,Which party will win the 2020 House race in Iowa's 2nd District?,https://www.predictit.org/markets/detail/6789/Which-party-will-win-the-2020-House-race-in-Iowa's-2nd-District,23208,Democratic,0.68,0.34,0.66,0.32,09/12/2020 01:02:05,Open
765,6789,Which party will win the 2020 House race in Iowa's 2nd District?,https://www.predictit.org/markets/detail/6789/Which-party-will-win-the-2020-House-race-in-Iowa's-2nd-District,23208,Democratic,0.68,0.34,0.66,0.32,09/12/2020 01:04:09,Open
766,6789,Which party will win the 2020 House race in Iowa's 2nd District?,https://www.predictit.org/markets/detail/6789/Which-party-will-win-the-2020-House-race-in-Iowa's-2nd-District,23208,Democratic,0.68,0.34,0.66,0.32,09/12/2020 01:06:12,Open
767,6789,Which party will win the 2020 House race in Iowa's 2nd District?,https://www.predictit.org/markets/detail/6789/Which-party-will-win-the-2020-House-race-in-Iowa's-2nd-District,23208,Democratic,0.68,0.34,0.66,0.32,09/12/2020 01:08:15,Open
768,6789,Which party will win the 2020 House race in Iowa's 2nd District?,https://www.predictit.org/markets/detail/6789/Which-party-will-win-the-2020-House-race-in-Iowa's-2nd-District,23208,Democratic,0.68,0.34,0.66,0.32,09/12/2020 01:10:20,Open
769,6789,Which party will win the 2020 House race in Iowa's 2nd District?,https://www.predictit.org/markets/detail/6789/Which-party-will-win-the-2020-House-race-in-Iowa's-2nd-District,23208,Democratic,0.68,0.34,0.66,0.32,09/12/2020 01:12:24,Open
770,6789,Which party will win the 2020 House race in Iowa's 2nd District?,https://www.predictit.org/markets/detail/6789/Which-party-will-win-the-2020-House-race-in-Iowa's-2nd-District,23208,Democratic,0.68,0.34,0.66,0.32,09/12/2020 01:14:29,Open
771,6789,Which party will win the 2020 House race in Iowa's 2nd District?,https://www.predictit.org/markets/detail/6789/Which-party-will-win-the-2020-House-race-in-Iowa's-2nd-District,23208,Democratic,0.68,0.34,0.66,0.32,09/12/2020 01:16:36,Open
772,6789,Which party will win the 2020 House race in Iowa's 2nd District?,https://www.predictit.org/markets/detail/6789/Which-party-will-win-the-2020-House-race-in-Iowa's-2nd-District,23208,Democratic,0.68,0.34,0.66,0.32,09/12/2020 01:18:40,Open
773,6789,Which party will win the 2020 House race in Iowa's 2nd District?,https://www.predictit.org/markets/detail/6789/Which-party-will-win-the-2020-House-race-in-Iowa's-2nd-District,23208,Democratic,0.68,0.34,0.66,0.32,09/12/2020 01:20:47,Open
774,6789,Which party will win the 2020 House race in Iowa's 2nd District?,https://www.predictit.org/markets/detail/6789/Which-party-will-win-the-2020-House-race-in-Iowa's-2nd-District,23208,Democratic,0.68,0.34,0.66,0.32,09/12/2020 01:22:51,Open
775,6789,Which party will win the 2020 House race in Iowa's 2nd District?,https://www.predictit.org/markets/detail/6789/Which-party-will-win-the-2020-House-race-in-Iowa's-2nd-District,23208,Democratic,0.68,0.34,0.66,0.32,09/12/2020 01:24:55,Open
776,6789,Which party will win the 2020 House race in Iowa's 2nd District?,https://www.predictit.org/markets/detail/6789/Which-party-will-win-the-2020-House-race-in-Iowa's-2nd-District,23208,Democratic,0.68,0.34,0.66,0.32,09/12/2020 01:26:59,Open
777,6789,Which party will win the 2020 House race in Iowa's 2nd District?,https://www.predictit.org/markets/detail/6789/Which-party-will-win-the-2020-House-race-in-Iowa's-2nd-District,23208,Democratic,0.68,0.34,0.66,0.32,09/12/2020 01:29:02,Open
778,6789,Which party will win the 2020 House race in Iowa's 2nd District?,https://www.predictit.org/markets/detail/6789/Which-party-will-win-the-2020-House-race-in-Iowa's-2nd-District,23208,Democratic,0.68,0.34,0.66,0.32,09/12/2020 01:31:11,Open
779,6789,Which party will win the 2020 House race in Iowa's 2nd District?,https://www.predictit.org/markets/detail/6789/Which-party-will-win-the-2020-House-race-in-Iowa's-2nd-District,23208,Democratic,0.68,0.34,0.66,0.32,09/12/2020 01:33:16,Open
780,6789,Which party will win the 2020 House race in Iowa's 2nd District?,https://www.predictit.org/markets/detail/6789/Which-party-will-win-the-2020-House-race-in-Iowa's-2nd-District,23208,Democratic,0.68,0.34,0.66,0.32,09/12/2020 01:35:23,Open
781,6789,Which party will win the 2020 House race in Iowa's 2nd District?,https://www.predictit.org/markets/detail/6789/Which-party-will-win-the-2020-House-race-in-Iowa's-2nd-District,23208,Democratic,0.68,0.34,0.66,0.32,09/12/2020 01:37:30,Open
782,6789,Which party will win the 2020 House race in Iowa's 2nd District?,https://www.predictit.org/markets/detail/6789/Which-party-will-win-the-2020-House-race-in-Iowa's-2nd-District,23208,Democratic,0.68,0.34,0.66,0.32,09/12/2020 01:39:35,Open
783,6789,Which party will win the 2020 House race in Iowa's 2nd District?,https://www.predictit.org/markets/detail/6789/Which-party-will-win-the-2020-House-race-in-Iowa's-2nd-District,23208,Democratic,0.68,0.34,0.66,0.32,09/12/2020 01:41:38,Open
784,6789,Which party will win the 2020 House race in Iowa's 2nd District?,https://www.predictit.org/markets/detail/6789/Which-party-will-win-the-2020-House-race-in-Iowa's-2nd-District,23208,Democratic,0.68,0.34,0.66,0.32,09/12/2020 01:43:44,Open
785,6789,Which party will win the 2020 House race in Iowa's 2nd District?,https://www.predictit.org/markets/detail/6789/Which-party-will-win-the-2020-House-race-in-Iowa's-2nd-District,23208,Democratic,0.68,0.34,0.66,0.32,09/12/2020 01:45:48,Open
786,6789,Which party will win the 2020 House race in Iowa's 2nd District?,https://www.predictit.org/markets/detail/6789/Which-party-will-win-the-2020-House-race-in-Iowa's-2nd-District,23208,Democratic,0.68,0.34,0.66,0.32,09/12/2020 01:47:53,Open
787,6789,Which party will win the 2020 House race in Iowa's 2nd District?,https://www.predictit.org/markets/detail/6789/Which-party-will-win-the-2020-House-race-in-Iowa's-2nd-District,23208,Democratic,0.68,0.34,0.66,0.32,09/12/2020 01:49:57,Open
788,6789,Which party will win the 2020 House race in Iowa's 2nd District?,https://www.predictit.org/markets/detail/6789/Which-party-will-win-the-2020-House-race-in-Iowa's-2nd-District,23208,Democratic,0.68,0.34,0.66,0.32,09/12/2020 01:52:02,Open
789,6789,Which party will win the 2020 House race in Iowa's 2nd District?,https://www.predictit.org/markets/detail/6789/Which-party-will-win-the-2020-House-race-in-Iowa's-2nd-District,23208,Democratic,0.68,0.34,0.66,0.32,09/12/2020 01:54:07,Open
790,6789,Which party will win the 2020 House race in Iowa's 2nd District?,https://www.predictit.org/markets/detail/6789/Which-party-will-win-the-2020-House-race-in-Iowa's-2nd-District,23208,Democratic,0.68,0.34,0.66,0.32,09/12/2020 01:56:09,Open
791,6789,Which party will win the 2020 House race in Iowa's 2nd District?,https://www.predictit.org/markets/detail/6789/Which-party-will-win-the-2020-House-race-in-Iowa's-2nd-District,23208,Democratic,0.68,0.34,0.66,0.32,09/12/2020 01:58:13,Open
792,6789,Which party will win the 2020 House race in Iowa's 2nd District?,https://www.predictit.org/markets/detail/6789/Which-party-will-win-the-2020-House-race-in-Iowa's-2nd-District,23208,Democratic,0.68,0.34,0.66,0.32,09/12/2020 02:00:17,Open
793,6789,Which party will win the 2020 House race in Iowa's 2nd District?,https://www.predictit.org/markets/detail/6789/Which-party-will-win-the-2020-House-race-in-Iowa's-2nd-District,23208,Democratic,0.68,0.34,0.66,0.32,09/12/2020 02:02:22,Open
794,6789,Which party will win the 2020 House race in Iowa's 2nd District?,https://www.predictit.org/markets/detail/6789/Which-party-will-win-the-2020-House-race-in-Iowa's-2nd-District,23208,Democratic,0.68,0.34,0.66,0.32,09/12/2020 02:04:28,Open
795,6789,Which party will win the 2020 House race in Iowa's 2nd District?,https://www.predictit.org/markets/detail/6789/Which-party-will-win-the-2020-House-race-in-Iowa's-2nd-District,23208,Democratic,0.68,0.34,0.66,0.32,09/12/2020 02:06:32,Open
796,6789,Which party will win the 2020 House race in Iowa's 2nd District?,https://www.predictit.org/markets/detail/6789/Which-party-will-win-the-2020-House-race-in-Iowa's-2nd-District,23208,Democratic,0.68,0.34,0.66,0.32,09/12/2020 02:08:38,Open
797,6789,Which party will win the 2020 House race in Iowa's 2nd District?,https://www.predictit.org/markets/detail/6789/Which-party-will-win-the-2020-House-race-in-Iowa's-2nd-District,23208,Democratic,0.68,0.34,0.66,0.32,09/12/2020 02:10:47,Open
798,6789,Which party will win the 2020 House race in Iowa's 2nd District?,https://www.predictit.org/markets/detail/6789/Which-party-will-win-the-2020-House-race-in-Iowa's-2nd-District,23208,Democratic,0.68,0.34,0.66,0.32,09/12/2020 02:12:51,Open
799,6789,Which party will win the 2020 House race in Iowa's 2nd District?,https://www.predictit.org/markets/detail/6789/Which-party-will-win-the-2020-House-race-in-Iowa's-2nd-District,23208,Democratic,0.68,0.34,0.66,0.32,09/12/2020 02:14:55,Open
800,6789,Which party will win the 2020 House race in Iowa's 2nd District?,https://www.predictit.org/markets/detail/6789/Which-party-will-win-the-2020-House-race-in-Iowa's-2nd-District,23208,Democratic,0.68,0.34,0.66,0.32,09/12/2020 02:17:01,Open
801,6789,Which party will win the 2020 House race in Iowa's 2nd District?,https://www.predictit.org/markets/detail/6789/Which-party-will-win-the-2020-House-race-in-Iowa's-2nd-District,23208,Democratic,0.68,0.34,0.66,0.32,09/12/2020 02:19:07,Open
802,6789,Which party will win the 2020 House race in Iowa's 2nd District?,https://www.predictit.org/markets/detail/6789/Which-party-will-win-the-2020-House-race-in-Iowa's-2nd-District,23208,Democratic,0.68,0.34,0.66,0.32,09/12/2020 02:21:13,Open
803,6789,Which party will win the 2020 House race in Iowa's 2nd District?,https://www.predictit.org/markets/detail/6789/Which-party-will-win-the-2020-House-race-in-Iowa's-2nd-District,23208,Democratic,0.68,0.34,0.66,0.32,09/12/2020 02:23:18,Open
804,6789,Which party will win the 2020 House race in Iowa's 2nd District?,https://www.predictit.org/markets/detail/6789/Which-party-will-win-the-2020-House-race-in-Iowa's-2nd-District,23208,Democratic,0.68,0.34,0.66,0.32,09/12/2020 02:25:23,Open
805,6789,Which party will win the 2020 House race in Iowa's 2nd District?,https://www.predictit.org/markets/detail/6789/Which-party-will-win-the-2020-House-race-in-Iowa's-2nd-District,23208,Democratic,0.68,0.34,0.66,0.32,09/12/2020 02:27:35,Open
806,6789,Which party will win the 2020 House race in Iowa's 2nd District?,https://www.predictit.org/markets/detail/6789/Which-party-will-win-the-2020-House-race-in-Iowa's-2nd-District,23208,Democratic,0.68,0.34,0.66,0.32,09/12/2020 02:29:56,Open
807,6789,Which party will win the 2020 House race in Iowa's 2nd District?,https://www.predictit.org/markets/detail/6789/Which-party-will-win-the-2020-House-race-in-Iowa's-2nd-District,23208,Democratic,0.68,0.34,0.66,0.32,09/12/2020 02:32:01,Open
808,6789,Which party will win the 2020 House race in Iowa's 2nd District?,https://www.predictit.org/markets/detail/6789/Which-party-will-win-the-2020-House-race-in-Iowa's-2nd-District,23208,Democratic,0.68,0.34,0.66,0.32,09/12/2020 02:34:06,Open
809,6789,Which party will win the 2020 House race in Iowa's 2nd District?,https://www.predictit.org/markets/detail/6789/Which-party-will-win-the-2020-House-race-in-Iowa's-2nd-District,23208,Democratic,0.68,0.34,0.66,0.32,09/12/2020 02:36:13,Open
810,6789,Which party will win the 2020 House race in Iowa's 2nd District?,https://www.predictit.org/markets/detail/6789/Which-party-will-win-the-2020-House-race-in-Iowa's-2nd-District,23208,Democratic,0.68,0.34,0.66,0.32,09/12/2020 02:38:21,Open
811,6789,Which party will win the 2020 House race in Iowa's 2nd District?,https://www.predictit.org/markets/detail/6789/Which-party-will-win-the-2020-House-race-in-Iowa's-2nd-District,23208,Democratic,0.68,0.34,0.66,0.32,09/12/2020 02:40:27,Open
812,6789,Which party will win the 2020 House race in Iowa's 2nd District?,https://www.predictit.org/markets/detail/6789/Which-party-will-win-the-2020-House-race-in-Iowa's-2nd-District,23208,Democratic,0.68,0.34,0.66,0.32,09/12/2020 02:42:33,Open
813,6789,Which party will win the 2020 House race in Iowa's 2nd District?,https://www.predictit.org/markets/detail/6789/Which-party-will-win-the-2020-House-race-in-Iowa's-2nd-District,23208,Democratic,0.68,0.34,0.66,0.32,09/12/2020 02:44:38,Open
814,6789,Which party will win the 2020 House race in Iowa's 2nd District?,https://www.predictit.org/markets/detail/6789/Which-party-will-win-the-2020-House-race-in-Iowa's-2nd-District,23208,Democratic,0.68,0.34,0.66,0.32,09/12/2020 02:46:42,Open
815,6789,Which party will win the 2020 House race in Iowa's 2nd District?,https://www.predictit.org/markets/detail/6789/Which-party-will-win-the-2020-House-race-in-Iowa's-2nd-District,23208,Democratic,0.68,0.34,0.66,0.32,09/12/2020 02:48:55,Open
816,6789,Which party will win the 2020 House race in Iowa's 2nd District?,https://www.predictit.org/markets/detail/6789/Which-party-will-win-the-2020-House-race-in-Iowa's-2nd-District,23208,Democratic,0.68,0.34,0.66,0.32,09/12/2020 02:51:00,Open
817,6789,Which party will win the 2020 House race in Iowa's 2nd District?,https://www.predictit.org/markets/detail/6789/Which-party-will-win-the-2020-House-race-in-Iowa's-2nd-District,23208,Democratic,0.68,0.34,0.66,0.32,09/12/2020 02:53:08,Open
818,6789,Which party will win the 2020 House race in Iowa's 2nd District?,https://www.predictit.org/markets/detail/6789/Which-party-will-win-the-2020-House-race-in-Iowa's-2nd-District,23208,Democratic,0.68,0.34,0.66,0.32,09/12/2020 02:55:11,Open
819,6789,Which party will win the 2020 House race in Iowa's 2nd District?,https://www.predictit.org/markets/detail/6789/Which-party-will-win-the-2020-House-race-in-Iowa's-2nd-District,23208,Democratic,0.68,0.34,0.66,0.32,09/12/2020 02:57:16,Open
820,6789,Which party will win the 2020 House race in Iowa's 2nd District?,https://www.predictit.org/markets/detail/6789/Which-party-will-win-the-2020-House-race-in-Iowa's-2nd-District,23208,Democratic,0.68,0.34,0.66,0.32,09/12/2020 02:59:29,Open
821,6789,Which party will win the 2020 House race in Iowa's 2nd District?,https://www.predictit.org/markets/detail/6789/Which-party-will-win-the-2020-House-race-in-Iowa's-2nd-District,23208,Democratic,0.68,0.34,0.66,0.32,09/12/2020 03:01:33,Open
822,6789,Which party will win the 2020 House race in Iowa's 2nd District?,https://www.predictit.org/markets/detail/6789/Which-party-will-win-the-2020-House-race-in-Iowa's-2nd-District,23208,Democratic,0.68,0.34,0.66,0.32,09/12/2020 03:03:39,Open
823,6789,Which party will win the 2020 House race in Iowa's 2nd District?,https://www.predictit.org/markets/detail/6789/Which-party-will-win-the-2020-House-race-in-Iowa's-2nd-District,23208,Democratic,0.68,0.34,0.66,0.32,09/12/2020 03:05:43,Open
824,6789,Which party will win the 2020 House race in Iowa's 2nd District?,https://www.predictit.org/markets/detail/6789/Which-party-will-win-the-2020-House-race-in-Iowa's-2nd-District,23208,Democratic,0.68,0.34,0.66,0.32,09/12/2020 03:07:49,Open
825,6789,Which party will win the 2020 House race in Iowa's 2nd District?,https://www.predictit.org/markets/detail/6789/Which-party-will-win-the-2020-House-race-in-Iowa's-2nd-District,23208,Democratic,0.68,0.34,0.66,0.32,09/12/2020 03:09:56,Open
826,6789,Which party will win the 2020 House race in Iowa's 2nd District?,https://www.predictit.org/markets/detail/6789/Which-party-will-win-the-2020-House-race-in-Iowa's-2nd-District,23208,Democratic,0.68,0.34,0.66,0.32,09/12/2020 03:12:01,Open
827,6789,Which party will win the 2020 House race in Iowa's 2nd District?,https://www.predictit.org/markets/detail/6789/Which-party-will-win-the-2020-House-race-in-Iowa's-2nd-District,23208,Democratic,0.68,0.34,0.66,0.32,09/12/2020 03:14:09,Open
828,6789,Which party will win the 2020 House race in Iowa's 2nd District?,https://www.predictit.org/markets/detail/6789/Which-party-will-win-the-2020-House-race-in-Iowa's-2nd-District,23208,Democratic,0.68,0.34,0.66,0.32,09/12/2020 03:16:14,Open
829,6789,Which party will win the 2020 House race in Iowa's 2nd District?,https://www.predictit.org/markets/detail/6789/Which-party-will-win-the-2020-House-race-in-Iowa's-2nd-District,23208,Democratic,0.68,0.34,0.66,0.32,09/12/2020 03:18:22,Open
830,6789,Which party will win the 2020 House race in Iowa's 2nd District?,https://www.predictit.org/markets/detail/6789/Which-party-will-win-the-2020-House-race-in-Iowa's-2nd-District,23208,Democratic,0.68,0.34,0.66,0.32,09/12/2020 03:20:29,Open
831,6789,Which party will win the 2020 House race in Iowa's 2nd District?,https://www.predictit.org/markets/detail/6789/Which-party-will-win-the-2020-House-race-in-Iowa's-2nd-District,23208,Democratic,0.68,0.34,0.66,0.32,09/12/2020 03:22:36,Open
832,6789,Which party will win the 2020 House race in Iowa's 2nd District?,https://www.predictit.org/markets/detail/6789/Which-party-will-win-the-2020-House-race-in-Iowa's-2nd-District,23208,Democratic,0.68,0.34,0.66,0.32,09/12/2020 03:24:44,Open
833,6789,Which party will win the 2020 House race in Iowa's 2nd District?,https://www.predictit.org/markets/detail/6789/Which-party-will-win-the-2020-House-race-in-Iowa's-2nd-District,23208,Democratic,0.68,0.34,0.66,0.32,09/12/2020 03:26:50,Open
834,6789,Which party will win the 2020 House race in Iowa's 2nd District?,https://www.predictit.org/markets/detail/6789/Which-party-will-win-the-2020-House-race-in-Iowa's-2nd-District,23208,Democratic,0.68,0.34,0.66,0.32,09/12/2020 03:28:58,Open
835,6789,Which party will win the 2020 House race in Iowa's 2nd District?,https://www.predictit.org/markets/detail/6789/Which-party-will-win-the-2020-House-race-in-Iowa's-2nd-District,23208,Democratic,0.68,0.34,0.66,0.32,09/12/2020 03:31:03,Open
836,6789,Which party will win the 2020 House race in Iowa's 2nd District?,https://www.predictit.org/markets/detail/6789/Which-party-will-win-the-2020-House-race-in-Iowa's-2nd-District,23208,Democratic,0.68,0.34,0.66,0.32,09/12/2020 03:33:07,Open
837,6789,Which party will win the 2020 House race in Iowa's 2nd District?,https://www.predictit.org/markets/detail/6789/Which-party-will-win-the-2020-House-race-in-Iowa's-2nd-District,23208,Democratic,0.68,0.34,0.66,0.32,09/12/2020 03:35:12,Open
838,6789,Which party will win the 2020 House race in Iowa's 2nd District?,https://www.predictit.org/markets/detail/6789/Which-party-will-win-the-2020-House-race-in-Iowa's-2nd-District,23208,Democratic,0.68,0.34,0.66,0.32,09/12/2020 03:37:20,Open
839,6789,Which party will win the 2020 House race in Iowa's 2nd District?,https://www.predictit.org/markets/detail/6789/Which-party-will-win-the-2020-House-race-in-Iowa's-2nd-District,23208,Democratic,0.68,0.34,0.66,0.32,09/12/2020 03:39:27,Open
840,6789,Which party will win the 2020 House race in Iowa's 2nd District?,https://www.predictit.org/markets/detail/6789/Which-party-will-win-the-2020-House-race-in-Iowa's-2nd-District,23208,Democratic,0.68,0.34,0.66,0.32,09/12/2020 03:41:34,Open
841,6789,Which party will win the 2020 House race in Iowa's 2nd District?,https://www.predictit.org/markets/detail/6789/Which-party-will-win-the-2020-House-race-in-Iowa's-2nd-District,23208,Democratic,0.68,0.34,0.66,0.32,09/12/2020 03:43:41,Open
842,6789,Which party will win the 2020 House race in Iowa's 2nd District?,https://www.predictit.org/markets/detail/6789/Which-party-will-win-the-2020-House-race-in-Iowa's-2nd-District,23208,Democratic,0.68,0.34,0.66,0.32,09/12/2020 03:45:47,Open
843,6789,Which party will win the 2020 House race in Iowa's 2nd District?,https://www.predictit.org/markets/detail/6789/Which-party-will-win-the-2020-House-race-in-Iowa's-2nd-District,23208,Democratic,0.68,0.34,0.66,0.32,09/12/2020 03:47:54,Open
844,6789,Which party will win the 2020 House race in Iowa's 2nd District?,https://www.predictit.org/markets/detail/6789/Which-party-will-win-the-2020-House-race-in-Iowa's-2nd-District,23208,Democratic,0.68,0.34,0.66,0.32,09/12/2020 03:50:03,Open
845,6789,Which party will win the 2020 House race in Iowa's 2nd District?,https://www.predictit.org/markets/detail/6789/Which-party-will-win-the-2020-House-race-in-Iowa's-2nd-District,23208,Democratic,0.68,0.34,0.66,0.32,09/12/2020 03:52:10,Open
846,6789,Which party will win the 2020 House race in Iowa's 2nd District?,https://www.predictit.org/markets/detail/6789/Which-party-will-win-the-2020-House-race-in-Iowa's-2nd-District,23208,Democratic,0.68,0.34,0.66,0.32,09/12/2020 03:54:16,Open
847,6789,Which party will win the 2020 House race in Iowa's 2nd District?,https://www.predictit.org/markets/detail/6789/Which-party-will-win-the-2020-House-race-in-Iowa's-2nd-District,23208,Democratic,0.68,0.34,0.66,0.32,09/12/2020 03:56:22,Open
848,6789,Which party will win the 2020 House race in Iowa's 2nd District?,https://www.predictit.org/markets/detail/6789/Which-party-will-win-the-2020-House-race-in-Iowa's-2nd-District,23208,Democratic,0.68,0.34,0.66,0.32,09/12/2020 03:58:32,Open
849,6789,Which party will win the 2020 House race in Iowa's 2nd District?,https://www.predictit.org/markets/detail/6789/Which-party-will-win-the-2020-House-race-in-Iowa's-2nd-District,23208,Democratic,0.68,0.34,0.66,0.32,09/12/2020 04:00:39,Open
850,6789,Which party will win the 2020 House race in Iowa's 2nd District?,https://www.predictit.org/markets/detail/6789/Which-party-will-win-the-2020-House-race-in-Iowa's-2nd-District,23208,Democratic,0.68,0.34,0.66,0.32,09/12/2020 04:02:47,Open
851,6789,Which party will win the 2020 House race in Iowa's 2nd District?,https://www.predictit.org/markets/detail/6789/Which-party-will-win-the-2020-House-race-in-Iowa's-2nd-District,23208,Democratic,0.68,0.34,0.66,0.32,09/12/2020 04:04:55,Open
852,6789,Which party will win the 2020 House race in Iowa's 2nd District?,https://www.predictit.org/markets/detail/6789/Which-party-will-win-the-2020-House-race-in-Iowa's-2nd-District,23208,Democratic,0.68,0.34,0.66,0.32,09/12/2020 04:07:03,Open
853,6789,Which party will win the 2020 House race in Iowa's 2nd District?,https://www.predictit.org/markets/detail/6789/Which-party-will-win-the-2020-House-race-in-Iowa's-2nd-District,23208,Democratic,0.68,0.34,0.66,0.32,09/12/2020 04:09:12,Open
854,6789,Which party will win the 2020 House race in Iowa's 2nd District?,https://www.predictit.org/markets/detail/6789/Which-party-will-win-the-2020-House-race-in-Iowa's-2nd-District,23208,Democratic,0.68,0.34,0.66,0.32,09/12/2020 04:11:21,Open
855,6789,Which party will win the 2020 House race in Iowa's 2nd District?,https://www.predictit.org/markets/detail/6789/Which-party-will-win-the-2020-House-race-in-Iowa's-2nd-District,23208,Democratic,0.68,0.34,0.66,0.32,09/12/2020 04:13:27,Open
856,6789,Which party will win the 2020 House race in Iowa's 2nd District?,https://www.predictit.org/markets/detail/6789/Which-party-will-win-the-2020-House-race-in-Iowa's-2nd-District,23208,Democratic,0.68,0.34,0.66,0.32,09/12/2020 04:15:37,Open
857,6789,Which party will win the 2020 House race in Iowa's 2nd District?,https://www.predictit.org/markets/detail/6789/Which-party-will-win-the-2020-House-race-in-Iowa's-2nd-District,23208,Democratic,0.68,0.34,0.66,0.32,09/12/2020 04:17:43,Open
858,6789,Which party will win the 2020 House race in Iowa's 2nd District?,https://www.predictit.org/markets/detail/6789/Which-party-will-win-the-2020-House-race-in-Iowa's-2nd-District,23208,Democratic,0.68,0.34,0.66,0.32,09/12/2020 04:19:52,Open
859,6789,Which party will win the 2020 House race in Iowa's 2nd District?,https://www.predictit.org/markets/detail/6789/Which-party-will-win-the-2020-House-race-in-Iowa's-2nd-District,23208,Democratic,0.68,0.34,0.66,0.32,09/12/2020 04:21:59,Open
860,6789,Which party will win the 2020 House race in Iowa's 2nd District?,https://www.predictit.org/markets/detail/6789/Which-party-will-win-the-2020-House-race-in-Iowa's-2nd-District,23208,Democratic,0.68,0.34,0.66,0.32,09/12/2020 04:24:08,Open
861,6789,Which party will win the 2020 House race in Iowa's 2nd District?,https://www.predictit.org/markets/detail/6789/Which-party-will-win-the-2020-House-race-in-Iowa's-2nd-District,23208,Democratic,0.68,0.34,0.66,0.32,09/12/2020 04:26:19,Open
862,6789,Which party will win the 2020 House race in Iowa's 2nd District?,https://www.predictit.org/markets/detail/6789/Which-party-will-win-the-2020-House-race-in-Iowa's-2nd-District,23208,Democratic,0.68,0.34,0.66,0.32,09/12/2020 04:28:28,Open
863,6789,Which party will win the 2020 House race in Iowa's 2nd District?,https://www.predictit.org/markets/detail/6789/Which-party-will-win-the-2020-House-race-in-Iowa's-2nd-District,23208,Democratic,0.68,0.34,0.66,0.32,09/12/2020 04:30:40,Open
864,6789,Which party will win the 2020 House race in Iowa's 2nd District?,https://www.predictit.org/markets/detail/6789/Which-party-will-win-the-2020-House-race-in-Iowa's-2nd-District,23208,Democratic,0.68,0.34,0.66,0.32,09/12/2020 04:32:47,Open
865,6789,Which party will win the 2020 House race in Iowa's 2nd District?,https://www.predictit.org/markets/detail/6789/Which-party-will-win-the-2020-House-race-in-Iowa's-2nd-District,23208,Democratic,0.68,0.34,0.66,0.32,09/12/2020 04:34:56,Open
866,6789,Which party will win the 2020 House race in Iowa's 2nd District?,https://www.predictit.org/markets/detail/6789/Which-party-will-win-the-2020-House-race-in-Iowa's-2nd-District,23208,Democratic,0.68,0.34,0.66,0.32,09/12/2020 04:37:08,Open
867,6789,Which party will win the 2020 House race in Iowa's 2nd District?,https://www.predictit.org/markets/detail/6789/Which-party-will-win-the-2020-House-race-in-Iowa's-2nd-District,23208,Democratic,0.68,0.34,0.66,0.32,09/12/2020 04:39:17,Open
868,6789,Which party will win the 2020 House race in Iowa's 2nd District?,https://www.predictit.org/markets/detail/6789/Which-party-will-win-the-2020-House-race-in-Iowa's-2nd-District,23208,Democratic,0.68,0.34,0.66,0.32,09/12/2020 04:41:29,Open
869,6789,Which party will win the 2020 House race in Iowa's 2nd District?,https://www.predictit.org/markets/detail/6789/Which-party-will-win-the-2020-House-race-in-Iowa's-2nd-District,23208,Democratic,0.68,0.34,0.66,0.32,09/12/2020 04:43:36,Open
870,6789,Which party will win the 2020 House race in Iowa's 2nd District?,https://www.predictit.org/markets/detail/6789/Which-party-will-win-the-2020-House-race-in-Iowa's-2nd-District,23208,Democratic,0.68,0.34,0.66,0.32,09/12/2020 04:45:46,Open
871,6789,Which party will win the 2020 House race in Iowa's 2nd District?,https://www.predictit.org/markets/detail/6789/Which-party-will-win-the-2020-House-race-in-Iowa's-2nd-District,23208,Democratic,0.68,0.34,0.66,0.32,09/12/2020 04:47:56,Open
872,6789,Which party will win the 2020 House race in Iowa's 2nd District?,https://www.predictit.org/markets/detail/6789/Which-party-will-win-the-2020-House-race-in-Iowa's-2nd-District,23208,Democratic,0.68,0.34,0.66,0.32,09/12/2020 04:50:06,Open
873,6789,Which party will win the 2020 House race in Iowa's 2nd District?,https://www.predictit.org/markets/detail/6789/Which-party-will-win-the-2020-House-race-in-Iowa's-2nd-District,23208,Democratic,0.68,0.34,0.66,0.32,09/12/2020 04:52:16,Open
874,6789,Which party will win the 2020 House race in Iowa's 2nd District?,https://www.predictit.org/markets/detail/6789/Which-party-will-win-the-2020-House-race-in-Iowa's-2nd-District,23208,Democratic,0.68,0.34,0.66,0.32,09/12/2020 04:54:53,Open
875,6789,Which party will win the 2020 House race in Iowa's 2nd District?,https://www.predictit.org/markets/detail/6789/Which-party-will-win-the-2020-House-race-in-Iowa's-2nd-District,23208,Democratic,0.68,0.34,0.66,0.32,09/12/2020 04:57:03,Open
876,6789,Which party will win the 2020 House race in Iowa's 2nd District?,https://www.predictit.org/markets/detail/6789/Which-party-will-win-the-2020-House-race-in-Iowa's-2nd-District,23208,Democratic,0.68,0.34,0.66,0.32,09/12/2020 04:59:12,Open
877,6789,Which party will win the 2020 House race in Iowa's 2nd District?,https://www.predictit.org/markets/detail/6789/Which-party-will-win-the-2020-House-race-in-Iowa's-2nd-District,23208,Democratic,0.68,0.34,0.66,0.32,09/12/2020 05:01:27,Open
878,6789,Which party will win the 2020 House race in Iowa's 2nd District?,https://www.predictit.org/markets/detail/6789/Which-party-will-win-the-2020-House-race-in-Iowa's-2nd-District,23208,Democratic,0.68,0.34,0.66,0.32,09/12/2020 05:03:38,Open
879,6789,Which party will win the 2020 House race in Iowa's 2nd District?,https://www.predictit.org/markets/detail/6789/Which-party-will-win-the-2020-House-race-in-Iowa's-2nd-District,23208,Democratic,0.68,0.34,0.66,0.32,09/12/2020 05:05:48,Open
880,6789,Which party will win the 2020 House race in Iowa's 2nd District?,https://www.predictit.org/markets/detail/6789/Which-party-will-win-the-2020-House-race-in-Iowa's-2nd-District,23208,Democratic,0.68,0.34,0.66,0.32,09/12/2020 05:07:57,Open
881,6789,Which party will win the 2020 House race in Iowa's 2nd District?,https://www.predictit.org/markets/detail/6789/Which-party-will-win-the-2020-House-race-in-Iowa's-2nd-District,23208,Democratic,0.68,0.34,0.66,0.32,09/12/2020 05:10:07,Open
882,6789,Which party will win the 2020 House race in Iowa's 2nd District?,https://www.predictit.org/markets/detail/6789/Which-party-will-win-the-2020-House-race-in-Iowa's-2nd-District,23208,Democratic,0.68,0.34,0.66,0.32,09/12/2020 05:12:17,Open
883,6789,Which party will win the 2020 House race in Iowa's 2nd District?,https://www.predictit.org/markets/detail/6789/Which-party-will-win-the-2020-House-race-in-Iowa's-2nd-District,23208,Democratic,0.68,0.34,0.66,0.32,09/12/2020 05:14:28,Open
884,6789,Which party will win the 2020 House race in Iowa's 2nd District?,https://www.predictit.org/markets/detail/6789/Which-party-will-win-the-2020-House-race-in-Iowa's-2nd-District,23208,Democratic,0.68,0.34,0.66,0.32,09/12/2020 05:16:37,Open
885,6789,Which party will win the 2020 House race in Iowa's 2nd District?,https://www.predictit.org/markets/detail/6789/Which-party-will-win-the-2020-House-race-in-Iowa's-2nd-District,23208,Democratic,0.68,0.34,0.66,0.32,09/12/2020 05:18:47,Open
886,6789,Which party will win the 2020 House race in Iowa's 2nd District?,https://www.predictit.org/markets/detail/6789/Which-party-will-win-the-2020-House-race-in-Iowa's-2nd-District,23208,Democratic,0.68,0.34,0.66,0.32,09/12/2020 05:20:58,Open
887,6789,Which party will win the 2020 House race in Iowa's 2nd District?,https://www.predictit.org/markets/detail/6789/Which-party-will-win-the-2020-House-race-in-Iowa's-2nd-District,23208,Democratic,0.68,0.34,0.66,0.32,09/12/2020 05:23:08,Open
888,6789,Which party will win the 2020 House race in Iowa's 2nd District?,https://www.predictit.org/markets/detail/6789/Which-party-will-win-the-2020-House-race-in-Iowa's-2nd-District,23208,Democratic,0.68,0.34,0.66,0.32,09/12/2020 05:25:17,Open
889,6789,Which party will win the 2020 House race in Iowa's 2nd District?,https://www.predictit.org/markets/detail/6789/Which-party-will-win-the-2020-House-race-in-Iowa's-2nd-District,23208,Democratic,0.68,0.34,0.66,0.32,09/12/2020 05:27:26,Open
890,6789,Which party will win the 2020 House race in Iowa's 2nd District?,https://www.predictit.org/markets/detail/6789/Which-party-will-win-the-2020-House-race-in-Iowa's-2nd-District,23208,Democratic,0.68,0.34,0.66,0.32,09/12/2020 05:29:36,Open
891,6789,Which party will win the 2020 House race in Iowa's 2nd District?,https://www.predictit.org/markets/detail/6789/Which-party-will-win-the-2020-House-race-in-Iowa's-2nd-District,23208,Democratic,0.68,0.34,0.66,0.32,09/12/2020 05:31:47,Open
892,6789,Which party will win the 2020 House race in Iowa's 2nd District?,https://www.predictit.org/markets/detail/6789/Which-party-will-win-the-2020-House-race-in-Iowa's-2nd-District,23208,Democratic,0.68,0.34,0.66,0.32,09/12/2020 05:33:55,Open
893,6789,Which party will win the 2020 House race in Iowa's 2nd District?,https://www.predictit.org/markets/detail/6789/Which-party-will-win-the-2020-House-race-in-Iowa's-2nd-District,23208,Democratic,0.68,0.34,0.66,0.32,09/12/2020 05:36:05,Open
894,6789,Which party will win the 2020 House race in Iowa's 2nd District?,https://www.predictit.org/markets/detail/6789/Which-party-will-win-the-2020-House-race-in-Iowa's-2nd-District,23208,Democratic,0.68,0.34,0.66,0.32,09/12/2020 05:38:14,Open
895,6789,Which party will win the 2020 House race in Iowa's 2nd District?,https://www.predictit.org/markets/detail/6789/Which-party-will-win-the-2020-House-race-in-Iowa's-2nd-District,23208,Democratic,0.68,0.34,0.66,0.32,09/12/2020 05:40:28,Open
896,6789,Which party will win the 2020 House race in Iowa's 2nd District?,https://www.predictit.org/markets/detail/6789/Which-party-will-win-the-2020-House-race-in-Iowa's-2nd-District,23208,Democratic,0.68,0.34,0.66,0.32,09/12/2020 05:42:38,Open
897,6789,Which party will win the 2020 House race in Iowa's 2nd District?,https://www.predictit.org/markets/detail/6789/Which-party-will-win-the-2020-House-race-in-Iowa's-2nd-District,23208,Democratic,0.68,0.34,0.66,0.32,09/12/2020 05:44:50,Open
898,6789,Which party will win the 2020 House race in Iowa's 2nd District?,https://www.predictit.org/markets/detail/6789/Which-party-will-win-the-2020-House-race-in-Iowa's-2nd-District,23208,Democratic,0.68,0.34,0.66,0.32,09/12/2020 05:47:03,Open
899,6789,Which party will win the 2020 House race in Iowa's 2nd District?,https://www.predictit.org/markets/detail/6789/Which-party-will-win-the-2020-House-race-in-Iowa's-2nd-District,23208,Democratic,0.68,0.34,0.66,0.32,09/12/2020 05:49:14,Open
900,6789,Which party will win the 2020 House race in Iowa's 2nd District?,https://www.predictit.org/markets/detail/6789/Which-party-will-win-the-2020-House-race-in-Iowa's-2nd-District,23208,Democratic,0.68,0.34,0.66,0.32,09/12/2020 05:51:27,Open
901,6789,Which party will win the 2020 House race in Iowa's 2nd District?,https://www.predictit.org/markets/detail/6789/Which-party-will-win-the-2020-House-race-in-Iowa's-2nd-District,23208,Democratic,0.68,0.34,0.66,0.32,09/12/2020 05:53:40,Open
902,6789,Which party will win the 2020 House race in Iowa's 2nd District?,https://www.predictit.org/markets/detail/6789/Which-party-will-win-the-2020-House-race-in-Iowa's-2nd-District,23208,Democratic,0.68,0.34,0.66,0.32,09/12/2020 05:55:52,Open
903,6789,Which party will win the 2020 House race in Iowa's 2nd District?,https://www.predictit.org/markets/detail/6789/Which-party-will-win-the-2020-House-race-in-Iowa's-2nd-District,23208,Democratic,0.68,0.34,0.66,0.32,09/12/2020 05:58:07,Open
904,6789,Which party will win the 2020 House race in Iowa's 2nd District?,https://www.predictit.org/markets/detail/6789/Which-party-will-win-the-2020-House-race-in-Iowa's-2nd-District,23208,Democratic,0.68,0.34,0.66,0.32,09/12/2020 06:00:19,Open
905,6789,Which party will win the 2020 House race in Iowa's 2nd District?,https://www.predictit.org/markets/detail/6789/Which-party-will-win-the-2020-House-race-in-Iowa's-2nd-District,23208,Democratic,0.68,0.34,0.66,0.32,09/12/2020 06:02:37,Open
906,6789,Which party will win the 2020 House race in Iowa's 2nd District?,https://www.predictit.org/markets/detail/6789/Which-party-will-win-the-2020-House-race-in-Iowa's-2nd-District,23208,Democratic,0.68,0.34,0.66,0.32,09/12/2020 06:04:49,Open
907,6789,Which party will win the 2020 House race in Iowa's 2nd District?,https://www.predictit.org/markets/detail/6789/Which-party-will-win-the-2020-House-race-in-Iowa's-2nd-District,23208,Democratic,0.68,0.34,0.66,0.32,09/12/2020 06:07:01,Open
908,6789,Which party will win the 2020 House race in Iowa's 2nd District?,https://www.predictit.org/markets/detail/6789/Which-party-will-win-the-2020-House-race-in-Iowa's-2nd-District,23208,Democratic,0.68,0.34,0.66,0.32,09/12/2020 06:09:14,Open
909,6789,Which party will win the 2020 House race in Iowa's 2nd District?,https://www.predictit.org/markets/detail/6789/Which-party-will-win-the-2020-House-race-in-Iowa's-2nd-District,23208,Democratic,0.68,0.34,0.66,0.32,09/12/2020 06:11:27,Open
910,6789,Which party will win the 2020 House race in Iowa's 2nd District?,https://www.predictit.org/markets/detail/6789/Which-party-will-win-the-2020-House-race-in-Iowa's-2nd-District,23208,Democratic,0.68,0.34,0.66,0.32,09/12/2020 06:13:44,Open
911,6789,Which party will win the 2020 House race in Iowa's 2nd District?,https://www.predictit.org/markets/detail/6789/Which-party-will-win-the-2020-House-race-in-Iowa's-2nd-District,23208,Democratic,0.68,0.34,0.66,0.32,09/12/2020 06:15:56,Open
912,6789,Which party will win the 2020 House race in Iowa's 2nd District?,https://www.predictit.org/markets/detail/6789/Which-party-will-win-the-2020-House-race-in-Iowa's-2nd-District,23208,Democratic,0.68,0.34,0.66,0.32,09/12/2020 06:18:10,Open
913,6789,Which party will win the 2020 House race in Iowa's 2nd District?,https://www.predictit.org/markets/detail/6789/Which-party-will-win-the-2020-House-race-in-Iowa's-2nd-District,23208,Democratic,0.68,0.34,0.66,0.32,09/12/2020 06:20:22,Open
914,6789,Which party will win the 2020 House race in Iowa's 2nd District?,https://www.predictit.org/markets/detail/6789/Which-party-will-win-the-2020-House-race-in-Iowa's-2nd-District,23208,Democratic,0.68,0.34,0.66,0.32,09/12/2020 06:22:37,Open
915,6789,Which party will win the 2020 House race in Iowa's 2nd District?,https://www.predictit.org/markets/detail/6789/Which-party-will-win-the-2020-House-race-in-Iowa's-2nd-District,23208,Democratic,0.68,0.34,0.66,0.32,09/12/2020 06:24:51,Open
916,6789,Which party will win the 2020 House race in Iowa's 2nd District?,https://www.predictit.org/markets/detail/6789/Which-party-will-win-the-2020-House-race-in-Iowa's-2nd-District,23208,Democratic,0.68,0.34,0.66,0.32,09/12/2020 06:27:04,Open
917,6789,Which party will win the 2020 House race in Iowa's 2nd District?,https://www.predictit.org/markets/detail/6789/Which-party-will-win-the-2020-House-race-in-Iowa's-2nd-District,23208,Democratic,0.68,0.34,0.66,0.32,09/12/2020 06:29:19,Open
918,6789,Which party will win the 2020 House race in Iowa's 2nd District?,https://www.predictit.org/markets/detail/6789/Which-party-will-win-the-2020-House-race-in-Iowa's-2nd-District,23208,Democratic,0.68,0.34,0.66,0.32,09/12/2020 06:31:33,Open
919,6789,Which party will win the 2020 House race in Iowa's 2nd District?,https://www.predictit.org/markets/detail/6789/Which-party-will-win-the-2020-House-race-in-Iowa's-2nd-District,23208,Democratic,0.68,0.34,0.66,0.32,09/12/2020 06:33:44,Open
920,6789,Which party will win the 2020 House race in Iowa's 2nd District?,https://www.predictit.org/markets/detail/6789/Which-party-will-win-the-2020-House-race-in-Iowa's-2nd-District,23208,Democratic,0.68,0.34,0.66,0.32,09/12/2020 06:36:01,Open
921,6789,Which party will win the 2020 House race in Iowa's 2nd District?,https://www.predictit.org/markets/detail/6789/Which-party-will-win-the-2020-House-race-in-Iowa's-2nd-District,23208,Democratic,0.68,0.34,0.66,0.32,09/12/2020 06:38:13,Open
922,6789,Which party will win the 2020 House race in Iowa's 2nd District?,https://www.predictit.org/markets/detail/6789/Which-party-will-win-the-2020-House-race-in-Iowa's-2nd-District,23208,Democratic,0.68,0.34,0.66,0.32,09/12/2020 06:40:27,Open
923,6789,Which party will win the 2020 House race in Iowa's 2nd District?,https://www.predictit.org/markets/detail/6789/Which-party-will-win-the-2020-House-race-in-Iowa's-2nd-District,23208,Democratic,0.68,0.34,0.66,0.32,09/12/2020 06:42:43,Open
924,6789,Which party will win the 2020 House race in Iowa's 2nd District?,https://www.predictit.org/markets/detail/6789/Which-party-will-win-the-2020-House-race-in-Iowa's-2nd-District,23208,Democratic,0.68,0.34,0.66,0.32,09/12/2020 06:44:58,Open
925,6789,Which party will win the 2020 House race in Iowa's 2nd District?,https://www.predictit.org/markets/detail/6789/Which-party-will-win-the-2020-House-race-in-Iowa's-2nd-District,23208,Democratic,0.68,0.34,0.66,0.32,09/12/2020 06:47:12,Open
926,6789,Which party will win the 2020 House race in Iowa's 2nd District?,https://www.predictit.org/markets/detail/6789/Which-party-will-win-the-2020-House-race-in-Iowa's-2nd-District,23208,Democratic,0.68,0.34,0.66,0.32,09/12/2020 06:49:23,Open
927,6789,Which party will win the 2020 House race in Iowa's 2nd District?,https://www.predictit.org/markets/detail/6789/Which-party-will-win-the-2020-House-race-in-Iowa's-2nd-District,23208,Democratic,0.68,0.34,0.66,0.32,09/12/2020 06:51:41,Open
928,6789,Which party will win the 2020 House race in Iowa's 2nd District?,https://www.predictit.org/markets/detail/6789/Which-party-will-win-the-2020-House-race-in-Iowa's-2nd-District,23208,Democratic,0.68,0.34,0.66,0.32,09/12/2020 06:53:53,Open
929,6789,Which party will win the 2020 House race in Iowa's 2nd District?,https://www.predictit.org/markets/detail/6789/Which-party-will-win-the-2020-House-race-in-Iowa's-2nd-District,23208,Democratic,0.68,0.34,0.66,0.32,09/12/2020 06:56:07,Open
930,6789,Which party will win the 2020 House race in Iowa's 2nd District?,https://www.predictit.org/markets/detail/6789/Which-party-will-win-the-2020-House-race-in-Iowa's-2nd-District,23208,Democratic,0.68,0.34,0.66,0.32,09/12/2020 06:58:21,Open
931,6789,Which party will win the 2020 House race in Iowa's 2nd District?,https://www.predictit.org/markets/detail/6789/Which-party-will-win-the-2020-House-race-in-Iowa's-2nd-District,23208,Democratic,0.68,0.34,0.66,0.32,09/12/2020 07:00:34,Open
932,6789,Which party will win the 2020 House race in Iowa's 2nd District?,https://www.predictit.org/markets/detail/6789/Which-party-will-win-the-2020-House-race-in-Iowa's-2nd-District,23208,Democratic,0.68,0.34,0.66,0.32,09/12/2020 07:02:50,Open
933,6789,Which party will win the 2020 House race in Iowa's 2nd District?,https://www.predictit.org/markets/detail/6789/Which-party-will-win-the-2020-House-race-in-Iowa's-2nd-District,23208,Democratic,0.68,0.34,0.66,0.32,09/12/2020 07:05:03,Open
934,6789,Which party will win the 2020 House race in Iowa's 2nd District?,https://www.predictit.org/markets/detail/6789/Which-party-will-win-the-2020-House-race-in-Iowa's-2nd-District,23208,Democratic,0.68,0.34,0.66,0.32,09/12/2020 07:07:17,Open
935,6789,Which party will win the 2020 House race in Iowa's 2nd District?,https://www.predictit.org/markets/detail/6789/Which-party-will-win-the-2020-House-race-in-Iowa's-2nd-District,23208,Democratic,0.68,0.34,0.66,0.32,09/12/2020 07:09:30,Open
936,6789,Which party will win the 2020 House race in Iowa's 2nd District?,https://www.predictit.org/markets/detail/6789/Which-party-will-win-the-2020-House-race-in-Iowa's-2nd-District,23208,Democratic,0.68,0.34,0.66,0.32,09/12/2020 07:11:48,Open
937,6789,Which party will win the 2020 House race in Iowa's 2nd District?,https://www.predictit.org/markets/detail/6789/Which-party-will-win-the-2020-House-race-in-Iowa's-2nd-District,23208,Democratic,0.68,0.34,0.66,0.32,09/12/2020 07:14:01,Open
938,6789,Which party will win the 2020 House race in Iowa's 2nd District?,https://www.predictit.org/markets/detail/6789/Which-party-will-win-the-2020-House-race-in-Iowa's-2nd-District,23208,Democratic,0.68,0.34,0.66,0.32,09/12/2020 07:16:15,Open
939,6789,Which party will win the 2020 House race in Iowa's 2nd District?,https://www.predictit.org/markets/detail/6789/Which-party-will-win-the-2020-House-race-in-Iowa's-2nd-District,23208,Democratic,0.68,0.34,0.66,0.32,09/12/2020 07:18:30,Open
940,6789,Which party will win the 2020 House race in Iowa's 2nd District?,https://www.predictit.org/markets/detail/6789/Which-party-will-win-the-2020-House-race-in-Iowa's-2nd-District,23208,Democratic,0.68,0.34,0.66,0.32,09/12/2020 07:20:42,Open
941,6789,Which party will win the 2020 House race in Iowa's 2nd District?,https://www.predictit.org/markets/detail/6789/Which-party-will-win-the-2020-House-race-in-Iowa's-2nd-District,23208,Democratic,0.68,0.34,0.66,0.32,09/12/2020 07:22:58,Open
942,6789,Which party will win the 2020 House race in Iowa's 2nd District?,https://www.predictit.org/markets/detail/6789/Which-party-will-win-the-2020-House-race-in-Iowa's-2nd-District,23208,Democratic,0.68,0.34,0.66,0.32,09/12/2020 07:25:12,Open
943,6789,Which party will win the 2020 House race in Iowa's 2nd District?,https://www.predictit.org/markets/detail/6789/Which-party-will-win-the-2020-House-race-in-Iowa's-2nd-District,23208,Democratic,0.68,0.34,0.66,0.32,09/12/2020 07:27:26,Open
944,6789,Which party will win the 2020 House race in Iowa's 2nd District?,https://www.predictit.org/markets/detail/6789/Which-party-will-win-the-2020-House-race-in-Iowa's-2nd-District,23208,Democratic,0.68,0.34,0.66,0.32,09/12/2020 07:29:42,Open
945,6789,Which party will win the 2020 House race in Iowa's 2nd District?,https://www.predictit.org/markets/detail/6789/Which-party-will-win-the-2020-House-race-in-Iowa's-2nd-District,23208,Democratic,0.68,0.34,0.66,0.32,09/12/2020 07:32:00,Open
946,6789,Which party will win the 2020 House race in Iowa's 2nd District?,https://www.predictit.org/markets/detail/6789/Which-party-will-win-the-2020-House-race-in-Iowa's-2nd-District,23208,Democratic,0.68,0.34,0.66,0.32,09/12/2020 07:34:15,Open
947,6789,Which party will win the 2020 House race in Iowa's 2nd District?,https://www.predictit.org/markets/detail/6789/Which-party-will-win-the-2020-House-race-in-Iowa's-2nd-District,23208,Democratic,0.68,0.34,0.66,0.32,09/12/2020 07:36:30,Open
948,6789,Which party will win the 2020 House race in Iowa's 2nd District?,https://www.predictit.org/markets/detail/6789/Which-party-will-win-the-2020-House-race-in-Iowa's-2nd-District,23208,Democratic,0.68,0.34,0.66,0.32,09/12/2020 07:38:44,Open
949,6789,Which party will win the 2020 House race in Iowa's 2nd District?,https://www.predictit.org/markets/detail/6789/Which-party-will-win-the-2020-House-race-in-Iowa's-2nd-District,23208,Democratic,0.68,0.34,0.66,0.32,09/12/2020 07:41:00,Open
950,6789,Which party will win the 2020 House race in Iowa's 2nd District?,https://www.predictit.org/markets/detail/6789/Which-party-will-win-the-2020-House-race-in-Iowa's-2nd-District,23208,Democratic,0.68,0.34,0.66,0.32,09/12/2020 07:43:17,Open
951,6789,Which party will win the 2020 House race in Iowa's 2nd District?,https://www.predictit.org/markets/detail/6789/Which-party-will-win-the-2020-House-race-in-Iowa's-2nd-District,23208,Democratic,0.68,0.34,0.66,0.32,09/12/2020 07:45:35,Open
952,6789,Which party will win the 2020 House race in Iowa's 2nd District?,https://www.predictit.org/markets/detail/6789/Which-party-will-win-the-2020-House-race-in-Iowa's-2nd-District,23208,Democratic,0.68,0.34,0.66,0.32,09/12/2020 07:47:50,Open
953,6789,Which party will win the 2020 House race in Iowa's 2nd District?,https://www.predictit.org/markets/detail/6789/Which-party-will-win-the-2020-House-race-in-Iowa's-2nd-District,23208,Democratic,0.68,0.34,0.66,0.32,09/12/2020 07:50:06,Open
954,6789,Which party will win the 2020 House race in Iowa's 2nd District?,https://www.predictit.org/markets/detail/6789/Which-party-will-win-the-2020-House-race-in-Iowa's-2nd-District,23208,Democratic,0.68,0.34,0.66,0.32,09/12/2020 07:52:22,Open
955,6789,Which party will win the 2020 House race in Iowa's 2nd District?,https://www.predictit.org/markets/detail/6789/Which-party-will-win-the-2020-House-race-in-Iowa's-2nd-District,23208,Democratic,0.68,0.34,0.66,0.32,09/12/2020 07:54:36,Open
956,6789,Which party will win the 2020 House race in Iowa's 2nd District?,https://www.predictit.org/markets/detail/6789/Which-party-will-win-the-2020-House-race-in-Iowa's-2nd-District,23208,Democratic,0.68,0.34,0.66,0.32,09/12/2020 07:56:58,Open
957,6789,Which party will win the 2020 House race in Iowa's 2nd District?,https://www.predictit.org/markets/detail/6789/Which-party-will-win-the-2020-House-race-in-Iowa's-2nd-District,23208,Democratic,0.68,0.34,0.66,0.32,09/12/2020 07:59:10,Open
958,6789,Which party will win the 2020 House race in Iowa's 2nd District?,https://www.predictit.org/markets/detail/6789/Which-party-will-win-the-2020-House-race-in-Iowa's-2nd-District,23208,Democratic,0.68,0.34,0.66,0.32,09/12/2020 08:01:24,Open
959,6789,Which party will win the 2020 House race in Iowa's 2nd District?,https://www.predictit.org/markets/detail/6789/Which-party-will-win-the-2020-House-race-in-Iowa's-2nd-District,23208,Democratic,0.68,0.34,0.66,0.32,09/12/2020 08:03:41,Open
960,6789,Which party will win the 2020 House race in Iowa's 2nd District?,https://www.predictit.org/markets/detail/6789/Which-party-will-win-the-2020-House-race-in-Iowa's-2nd-District,23208,Democratic,0.68,0.34,0.66,0.32,09/12/2020 08:05:54,Open
961,6789,Which party will win the 2020 House race in Iowa's 2nd District?,https://www.predictit.org/markets/detail/6789/Which-party-will-win-the-2020-House-race-in-Iowa's-2nd-District,23208,Democratic,0.68,0.34,0.66,0.32,09/12/2020 08:08:08,Open
962,6789,Which party will win the 2020 House race in Iowa's 2nd District?,https://www.predictit.org/markets/detail/6789/Which-party-will-win-the-2020-House-race-in-Iowa's-2nd-District,23208,Democratic,0.68,0.34,0.66,0.32,09/12/2020 08:10:23,Open
963,6789,Which party will win the 2020 House race in Iowa's 2nd District?,https://www.predictit.org/markets/detail/6789/Which-party-will-win-the-2020-House-race-in-Iowa's-2nd-District,23208,Democratic,0.68,0.34,0.66,0.32,09/12/2020 08:12:42,Open
964,6789,Which party will win the 2020 House race in Iowa's 2nd District?,https://www.predictit.org/markets/detail/6789/Which-party-will-win-the-2020-House-race-in-Iowa's-2nd-District,23208,Democratic,0.68,0.34,0.66,0.32,09/12/2020 08:14:55,Open
965,6789,Which party will win the 2020 House race in Iowa's 2nd District?,https://www.predictit.org/markets/detail/6789/Which-party-will-win-the-2020-House-race-in-Iowa's-2nd-District,23208,Democratic,0.68,0.34,0.66,0.32,09/12/2020 08:17:11,Open
966,6789,Which party will win the 2020 House race in Iowa's 2nd District?,https://www.predictit.org/markets/detail/6789/Which-party-will-win-the-2020-House-race-in-Iowa's-2nd-District,23208,Democratic,0.68,0.34,0.66,0.32,09/12/2020 08:19:26,Open
967,6789,Which party will win the 2020 House race in Iowa's 2nd District?,https://www.predictit.org/markets/detail/6789/Which-party-will-win-the-2020-House-race-in-Iowa's-2nd-District,23208,Democratic,0.68,0.34,0.66,0.32,09/12/2020 08:21:40,Open
968,6789,Which party will win the 2020 House race in Iowa's 2nd District?,https://www.predictit.org/markets/detail/6789/Which-party-will-win-the-2020-House-race-in-Iowa's-2nd-District,23208,Democratic,0.68,0.34,0.66,0.32,09/12/2020 08:24:00,Open
969,6789,Which party will win the 2020 House race in Iowa's 2nd District?,https://www.predictit.org/markets/detail/6789/Which-party-will-win-the-2020-House-race-in-Iowa's-2nd-District,23208,Democratic,0.68,0.34,0.66,0.32,09/12/2020 08:26:15,Open
970,6789,Which party will win the 2020 House race in Iowa's 2nd District?,https://www.predictit.org/markets/detail/6789/Which-party-will-win-the-2020-House-race-in-Iowa's-2nd-District,23208,Democratic,0.68,0.34,0.66,0.32,09/12/2020 08:28:32,Open
971,6789,Which party will win the 2020 House race in Iowa's 2nd District?,https://www.predictit.org/markets/detail/6789/Which-party-will-win-the-2020-House-race-in-Iowa's-2nd-District,23208,Democratic,0.68,0.34,0.66,0.32,09/12/2020 08:30:47,Open
972,6789,Which party will win the 2020 House race in Iowa's 2nd District?,https://www.predictit.org/markets/detail/6789/Which-party-will-win-the-2020-House-race-in-Iowa's-2nd-District,23208,Democratic,0.68,0.34,0.66,0.32,09/12/2020 08:33:05,Open
973,6789,Which party will win the 2020 House race in Iowa's 2nd District?,https://www.predictit.org/markets/detail/6789/Which-party-will-win-the-2020-House-race-in-Iowa's-2nd-District,23208,Democratic,0.68,0.34,0.66,0.32,09/12/2020 08:35:21,Open
974,6789,Which party will win the 2020 House race in Iowa's 2nd District?,https://www.predictit.org/markets/detail/6789/Which-party-will-win-the-2020-House-race-in-Iowa's-2nd-District,23208,Democratic,0.68,0.34,0.66,0.32,09/12/2020 08:37:36,Open
975,6789,Which party will win the 2020 House race in Iowa's 2nd District?,https://www.predictit.org/markets/detail/6789/Which-party-will-win-the-2020-House-race-in-Iowa's-2nd-District,23208,Democratic,0.68,0.34,0.66,0.32,09/12/2020 08:39:53,Open
976,6789,Which party will win the 2020 House race in Iowa's 2nd District?,https://www.predictit.org/markets/detail/6789/Which-party-will-win-the-2020-House-race-in-Iowa's-2nd-District,23208,Democratic,0.68,0.34,0.66,0.32,09/12/2020 08:42:07,Open
977,6789,Which party will win the 2020 House race in Iowa's 2nd District?,https://www.predictit.org/markets/detail/6789/Which-party-will-win-the-2020-House-race-in-Iowa's-2nd-District,23208,Democratic,0.68,0.34,0.66,0.32,09/12/2020 08:44:26,Open
978,6789,Which party will win the 2020 House race in Iowa's 2nd District?,https://www.predictit.org/markets/detail/6789/Which-party-will-win-the-2020-House-race-in-Iowa's-2nd-District,23208,Democratic,0.68,0.34,0.66,0.32,09/12/2020 08:46:41,Open
979,6789,Which party will win the 2020 House race in Iowa's 2nd District?,https://www.predictit.org/markets/detail/6789/Which-party-will-win-the-2020-House-race-in-Iowa's-2nd-District,23208,Democratic,0.68,0.34,0.66,0.32,09/12/2020 08:48:58,Open
980,6789,Which party will win the 2020 House race in Iowa's 2nd District?,https://www.predictit.org/markets/detail/6789/Which-party-will-win-the-2020-House-race-in-Iowa's-2nd-District,23208,Democratic,0.68,0.34,0.66,0.32,09/12/2020 08:51:14,Open
981,6789,Which party will win the 2020 House race in Iowa's 2nd District?,https://www.predictit.org/markets/detail/6789/Which-party-will-win-the-2020-House-race-in-Iowa's-2nd-District,23208,Democratic,0.68,0.34,0.66,0.32,09/12/2020 08:53:30,Open
982,6789,Which party will win the 2020 House race in Iowa's 2nd District?,https://www.predictit.org/markets/detail/6789/Which-party-will-win-the-2020-House-race-in-Iowa's-2nd-District,23208,Democratic,0.68,0.34,0.66,0.32,09/12/2020 08:55:44,Open
983,6789,Which party will win the 2020 House race in Iowa's 2nd District?,https://www.predictit.org/markets/detail/6789/Which-party-will-win-the-2020-House-race-in-Iowa's-2nd-District,23208,Democratic,0.68,0.34,0.66,0.32,09/12/2020 08:57:59,Open
984,6789,Which party will win the 2020 House race in Iowa's 2nd District?,https://www.predictit.org/markets/detail/6789/Which-party-will-win-the-2020-House-race-in-Iowa's-2nd-District,23208,Democratic,0.68,0.34,0.66,0.32,09/12/2020 09:00:15,Open
985,6789,Which party will win the 2020 House race in Iowa's 2nd District?,https://www.predictit.org/markets/detail/6789/Which-party-will-win-the-2020-House-race-in-Iowa's-2nd-District,23208,Democratic,0.68,0.34,0.66,0.32,09/12/2020 09:02:31,Open
986,6789,Which party will win the 2020 House race in Iowa's 2nd District?,https://www.predictit.org/markets/detail/6789/Which-party-will-win-the-2020-House-race-in-Iowa's-2nd-District,23208,Democratic,0.68,0.34,0.66,0.32,09/12/2020 09:04:47,Open
987,6789,Which party will win the 2020 House race in Iowa's 2nd District?,https://www.predictit.org/markets/detail/6789/Which-party-will-win-the-2020-House-race-in-Iowa's-2nd-District,23208,Democratic,0.68,0.34,0.66,0.32,09/12/2020 09:07:02,Open
988,6789,Which party will win the 2020 House race in Iowa's 2nd District?,https://www.predictit.org/markets/detail/6789/Which-party-will-win-the-2020-House-race-in-Iowa's-2nd-District,23208,Democratic,0.68,0.34,0.66,0.32,09/12/2020 09:09:17,Open
989,6789,Which party will win the 2020 House race in Iowa's 2nd District?,https://www.predictit.org/markets/detail/6789/Which-party-will-win-the-2020-House-race-in-Iowa's-2nd-District,23208,Democratic,0.68,0.34,0.66,0.32,09/12/2020 09:11:32,Open
990,6789,Which party will win the 2020 House race in Iowa's 2nd District?,https://www.predictit.org/markets/detail/6789/Which-party-will-win-the-2020-House-race-in-Iowa's-2nd-District,23208,Democratic,0.68,0.34,0.66,0.32,09/12/2020 09:13:48,Open
991,6789,Which party will win the 2020 House race in Iowa's 2nd District?,https://www.predictit.org/markets/detail/6789/Which-party-will-win-the-2020-House-race-in-Iowa's-2nd-District,23208,Democratic,0.68,0.34,0.66,0.32,09/12/2020 09:16:02,Open
992,6789,Which party will win the 2020 House race in Iowa's 2nd District?,https://www.predictit.org/markets/detail/6789/Which-party-will-win-the-2020-House-race-in-Iowa's-2nd-District,23208,Democratic,0.68,0.34,0.66,0.32,09/12/2020 09:18:19,Open
993,6789,Which party will win the 2020 House race in Iowa's 2nd District?,https://www.predictit.org/markets/detail/6789/Which-party-will-win-the-2020-House-race-in-Iowa's-2nd-District,23208,Democratic,0.68,0.34,0.66,0.32,09/12/2020 09:20:34,Open
994,6789,Which party will win the 2020 House race in Iowa's 2nd District?,https://www.predictit.org/markets/detail/6789/Which-party-will-win-the-2020-House-race-in-Iowa's-2nd-District,23208,Democratic,0.68,0.34,0.66,0.32,09/12/2020 09:22:51,Open
995,6789,Which party will win the 2020 House race in Iowa's 2nd District?,https://www.predictit.org/markets/detail/6789/Which-party-will-win-the-2020-House-race-in-Iowa's-2nd-District,23208,Democratic,0.68,0.34,0.66,0.32,09/12/2020 09:25:07,Open
996,6789,Which party will win the 2020 House race in Iowa's 2nd District?,https://www.predictit.org/markets/detail/6789/Which-party-will-win-the-2020-House-race-in-Iowa's-2nd-District,23208,Democratic,0.68,0.34,0.66,0.32,09/12/2020 09:27:24,Open
997,6789,Which party will win the 2020 House race in Iowa's 2nd District?,https://www.predictit.org/markets/detail/6789/Which-party-will-win-the-2020-House-race-in-Iowa's-2nd-District,23208,Democratic,0.68,0.34,0.66,0.32,09/12/2020 09:29:39,Open
998,6789,Which party will win the 2020 House race in Iowa's 2nd District?,https://www.predictit.org/markets/detail/6789/Which-party-will-win-the-2020-House-race-in-Iowa's-2nd-District,23208,Democratic,0.68,0.34,0.66,0.32,09/12/2020 09:31:55,Open
999,6789,Which party will win the 2020 House race in Iowa's 2nd District?,https://www.predictit.org/markets/detail/6789/Which-party-will-win-the-2020-House-race-in-Iowa's-2nd-District,23208,Democratic,0.68,0.34,0.66,0.32,09/12/2020 09:34:14,Open
1000,6789,Which party will win the 2020 House race in Iowa's 2nd District?,https://www.predictit.org/markets/detail/6789/Which-party-will-win-the-2020-House-race-in-Iowa's-2nd-District,23208,Democratic,0.68,0.34,0.66,0.32,09/12/2020 09:36:30,Open
1001,6789,Which party will win the 2020 House race in Iowa's 2nd District?,https://www.predictit.org/markets/detail/6789/Which-party-will-win-the-2020-House-race-in-Iowa's-2nd-District,23208,Democratic,0.68,0.34,0.66,0.32,09/12/2020 09:38:47,Open
1002,6789,Which party will win the 2020 House race in Iowa's 2nd District?,https://www.predictit.org/markets/detail/6789/Which-party-will-win-the-2020-House-race-in-Iowa's-2nd-District,23208,Democratic,0.68,0.34,0.66,0.32,09/12/2020 09:41:01,Open
1003,6789,Which party will win the 2020 House race in Iowa's 2nd District?,https://www.predictit.org/markets/detail/6789/Which-party-will-win-the-2020-House-race-in-Iowa's-2nd-District,23208,Democratic,0.68,0.34,0.66,0.32,09/12/2020 09:43:17,Open
1004,6789,Which party will win the 2020 House race in Iowa's 2nd District?,https://www.predictit.org/markets/detail/6789/Which-party-will-win-the-2020-House-race-in-Iowa's-2nd-District,23208,Democratic,0.68,0.34,0.66,0.32,09/12/2020 09:45:35,Open
1005,6789,Which party will win the 2020 House race in Iowa's 2nd District?,https://www.predictit.org/markets/detail/6789/Which-party-will-win-the-2020-House-race-in-Iowa's-2nd-District,23208,Democratic,0.68,0.34,0.66,0.32,09/12/2020 09:47:52,Open
1006,6789,Which party will win the 2020 House race in Iowa's 2nd District?,https://www.predictit.org/markets/detail/6789/Which-party-will-win-the-2020-House-race-in-Iowa's-2nd-District,23208,Democratic,0.68,0.34,0.66,0.32,09/12/2020 09:50:08,Open
1007,6789,Which party will win the 2020 House race in Iowa's 2nd District?,https://www.predictit.org/markets/detail/6789/Which-party-will-win-the-2020-House-race-in-Iowa's-2nd-District,23208,Democratic,0.68,0.34,0.66,0.32,09/12/2020 09:52:22,Open
1008,6789,Which party will win the 2020 House race in Iowa's 2nd District?,https://www.predictit.org/markets/detail/6789/Which-party-will-win-the-2020-House-race-in-Iowa's-2nd-District,23208,Democratic,0.68,0.34,0.66,0.32,09/12/2020 09:54:40,Open
1009,6789,Which party will win the 2020 House race in Iowa's 2nd District?,https://www.predictit.org/markets/detail/6789/Which-party-will-win-the-2020-House-race-in-Iowa's-2nd-District,23208,Democratic,0.68,0.34,0.66,0.32,09/12/2020 09:56:55,Open
1010,6789,Which party will win the 2020 House race in Iowa's 2nd District?,https://www.predictit.org/markets/detail/6789/Which-party-will-win-the-2020-House-race-in-Iowa's-2nd-District,23208,Democratic,0.68,0.34,0.66,0.32,09/12/2020 09:59:10,Open
1011,6789,Which party will win the 2020 House race in Iowa's 2nd District?,https://www.predictit.org/markets/detail/6789/Which-party-will-win-the-2020-House-race-in-Iowa's-2nd-District,23208,Democratic,0.68,0.34,0.66,0.32,09/12/2020 10:01:30,Open
1012,6789,Which party will win the 2020 House race in Iowa's 2nd District?,https://www.predictit.org/markets/detail/6789/Which-party-will-win-the-2020-House-race-in-Iowa's-2nd-District,23208,Democratic,0.68,0.34,0.66,0.32,09/12/2020 10:03:46,Open
1013,6789,Which party will win the 2020 House race in Iowa's 2nd District?,https://www.predictit.org/markets/detail/6789/Which-party-will-win-the-2020-House-race-in-Iowa's-2nd-District,23208,Democratic,0.68,0.34,0.66,0.32,09/12/2020 10:06:05,Open
1014,6789,Which party will win the 2020 House race in Iowa's 2nd District?,https://www.predictit.org/markets/detail/6789/Which-party-will-win-the-2020-House-race-in-Iowa's-2nd-District,23208,Democratic,0.68,0.34,0.66,0.32,09/12/2020 10:08:22,Open
1015,6789,Which party will win the 2020 House race in Iowa's 2nd District?,https://www.predictit.org/markets/detail/6789/Which-party-will-win-the-2020-House-race-in-Iowa's-2nd-District,23208,Democratic,0.68,0.34,0.66,0.32,09/12/2020 10:10:41,Open
1016,6789,Which party will win the 2020 House race in Iowa's 2nd District?,https://www.predictit.org/markets/detail/6789/Which-party-will-win-the-2020-House-race-in-Iowa's-2nd-District,23208,Democratic,0.68,0.34,0.66,0.32,09/12/2020 10:12:57,Open
1017,6789,Which party will win the 2020 House race in Iowa's 2nd District?,https://www.predictit.org/markets/detail/6789/Which-party-will-win-the-2020-House-race-in-Iowa's-2nd-District,23208,Democratic,0.68,0.34,0.66,0.32,09/12/2020 10:15:16,Open
1018,6789,Which party will win the 2020 House race in Iowa's 2nd District?,https://www.predictit.org/markets/detail/6789/Which-party-will-win-the-2020-House-race-in-Iowa's-2nd-District,23208,Democratic,0.68,0.34,0.66,0.32,09/12/2020 10:17:37,Open
1019,6789,Which party will win the 2020 House race in Iowa's 2nd District?,https://www.predictit.org/markets/detail/6789/Which-party-will-win-the-2020-House-race-in-Iowa's-2nd-District,23208,Democratic,0.68,0.34,0.66,0.32,09/12/2020 10:19:52,Open
1020,6789,Which party will win the 2020 House race in Iowa's 2nd District?,https://www.predictit.org/markets/detail/6789/Which-party-will-win-the-2020-House-race-in-Iowa's-2nd-District,23208,Democratic,0.68,0.34,0.66,0.32,09/12/2020 10:22:08,Open
1021,6789,Which party will win the 2020 House race in Iowa's 2nd District?,https://www.predictit.org/markets/detail/6789/Which-party-will-win-the-2020-House-race-in-Iowa's-2nd-District,23208,Democratic,0.68,0.34,0.66,0.32,09/12/2020 10:24:23,Open
1022,6789,Which party will win the 2020 House race in Iowa's 2nd District?,https://www.predictit.org/markets/detail/6789/Which-party-will-win-the-2020-House-race-in-Iowa's-2nd-District,23208,Democratic,0.68,0.34,0.66,0.32,09/12/2020 10:26:44,Open
1023,6789,Which party will win the 2020 House race in Iowa's 2nd District?,https://www.predictit.org/markets/detail/6789/Which-party-will-win-the-2020-House-race-in-Iowa's-2nd-District,23208,Democratic,0.68,0.34,0.66,0.32,09/12/2020 10:29:03,Open
1024,6789,Which party will win the 2020 House race in Iowa's 2nd District?,https://www.predictit.org/markets/detail/6789/Which-party-will-win-the-2020-House-race-in-Iowa's-2nd-District,23208,Democratic,0.68,0.34,0.66,0.32,09/12/2020 10:31:20,Open
1025,6789,Which party will win the 2020 House race in Iowa's 2nd District?,https://www.predictit.org/markets/detail/6789/Which-party-will-win-the-2020-House-race-in-Iowa's-2nd-District,23208,Democratic,0.68,0.34,0.66,0.32,09/12/2020 10:33:39,Open
1026,6789,Which party will win the 2020 House race in Iowa's 2nd District?,https://www.predictit.org/markets/detail/6789/Which-party-will-win-the-2020-House-race-in-Iowa's-2nd-District,23208,Democratic,0.68,0.34,0.66,0.32,09/12/2020 10:35:57,Open
1027,6789,Which party will win the 2020 House race in Iowa's 2nd District?,https://www.predictit.org/markets/detail/6789/Which-party-will-win-the-2020-House-race-in-Iowa's-2nd-District,23208,Democratic,0.68,0.34,0.66,0.32,09/12/2020 10:38:15,Open
1028,6789,Which party will win the 2020 House race in Iowa's 2nd District?,https://www.predictit.org/markets/detail/6789/Which-party-will-win-the-2020-House-race-in-Iowa's-2nd-District,23208,Democratic,0.68,0.34,0.66,0.32,09/12/2020 10:40:31,Open
1029,6789,Which party will win the 2020 House race in Iowa's 2nd District?,https://www.predictit.org/markets/detail/6789/Which-party-will-win-the-2020-House-race-in-Iowa's-2nd-District,23208,Democratic,0.68,0.34,0.66,0.32,09/12/2020 10:42:49,Open
1030,6789,Which party will win the 2020 House race in Iowa's 2nd District?,https://www.predictit.org/markets/detail/6789/Which-party-will-win-the-2020-House-race-in-Iowa's-2nd-District,23208,Democratic,0.68,0.34,0.66,0.32,09/12/2020 10:45:08,Open
1031,6789,Which party will win the 2020 House race in Iowa's 2nd District?,https://www.predictit.org/markets/detail/6789/Which-party-will-win-the-2020-House-race-in-Iowa's-2nd-District,23208,Democratic,0.68,0.34,0.66,0.32,09/12/2020 10:47:25,Open
1032,6789,Which party will win the 2020 House race in Iowa's 2nd District?,https://www.predictit.org/markets/detail/6789/Which-party-will-win-the-2020-House-race-in-Iowa's-2nd-District,23208,Democratic,0.68,0.34,0.66,0.32,09/12/2020 10:49:42,Open
1033,6789,Which party will win the 2020 House race in Iowa's 2nd District?,https://www.predictit.org/markets/detail/6789/Which-party-will-win-the-2020-House-race-in-Iowa's-2nd-District,23208,Democratic,0.68,0.34,0.66,0.32,09/12/2020 10:51:59,Open
1034,6789,Which party will win the 2020 House race in Iowa's 2nd District?,https://www.predictit.org/markets/detail/6789/Which-party-will-win-the-2020-House-race-in-Iowa's-2nd-District,23208,Democratic,0.68,0.34,0.66,0.32,09/12/2020 10:54:19,Open
1035,6789,Which party will win the 2020 House race in Iowa's 2nd District?,https://www.predictit.org/markets/detail/6789/Which-party-will-win-the-2020-House-race-in-Iowa's-2nd-District,23208,Democratic,0.68,0.34,0.66,0.32,09/12/2020 10:56:15,Open
1036,6789,Which party will win the 2020 House race in Iowa's 2nd District?,https://www.predictit.org/markets/detail/6789/Which-party-will-win-the-2020-House-race-in-Iowa's-2nd-District,23208,Democratic,0.68,0.34,0.66,0.32,09/12/2020 10:57:45,Open
1037,6789,Which party will win the 2020 House race in Iowa's 2nd District?,https://www.predictit.org/markets/detail/6789/Which-party-will-win-the-2020-House-race-in-Iowa's-2nd-District,23208,Democratic,0.68,0.34,0.66,0.32,09/12/2020 10:59:29,Open
1038,6789,Which party will win the 2020 House race in Iowa's 2nd District?,https://www.predictit.org/markets/detail/6789/Which-party-will-win-the-2020-House-race-in-Iowa's-2nd-District,23208,Democratic,0.68,0.34,0.66,0.32,09/12/2020 11:01:48,Open
1039,6789,Which party will win the 2020 House race in Iowa's 2nd District?,https://www.predictit.org/markets/detail/6789/Which-party-will-win-the-2020-House-race-in-Iowa's-2nd-District,23208,Democratic,0.68,0.34,0.66,0.32,09/12/2020 11:04:06,Open
1040,6789,Which party will win the 2020 House race in Iowa's 2nd District?,https://www.predictit.org/markets/detail/6789/Which-party-will-win-the-2020-House-race-in-Iowa's-2nd-District,23208,Democratic,0.68,0.34,0.66,0.32,09/12/2020 11:06:28,Open
1041,6789,Which party will win the 2020 House race in Iowa's 2nd District?,https://www.predictit.org/markets/detail/6789/Which-party-will-win-the-2020-House-race-in-Iowa's-2nd-District,23208,Democratic,0.68,0.34,0.66,0.32,09/12/2020 11:08:46,Open
1042,6789,Which party will win the 2020 House race in Iowa's 2nd District?,https://www.predictit.org/markets/detail/6789/Which-party-will-win-the-2020-House-race-in-Iowa's-2nd-District,23208,Democratic,0.68,0.34,0.66,0.32,09/12/2020 11:11:05,Open
1043,6789,Which party will win the 2020 House race in Iowa's 2nd District?,https://www.predictit.org/markets/detail/6789/Which-party-will-win-the-2020-House-race-in-Iowa's-2nd-District,23208,Democratic,0.68,0.34,0.66,0.32,09/12/2020 11:13:25,Open
1044,6789,Which party will win the 2020 House race in Iowa's 2nd District?,https://www.predictit.org/markets/detail/6789/Which-party-will-win-the-2020-House-race-in-Iowa's-2nd-District,23208,Democratic,0.68,0.34,0.66,0.32,09/12/2020 11:15:45,Open
1045,6789,Which party will win the 2020 House race in Iowa's 2nd District?,https://www.predictit.org/markets/detail/6789/Which-party-will-win-the-2020-House-race-in-Iowa's-2nd-District,23208,Democratic,0.68,0.34,0.66,0.32,09/12/2020 11:18:06,Open
1046,6789,Which party will win the 2020 House race in Iowa's 2nd District?,https://www.predictit.org/markets/detail/6789/Which-party-will-win-the-2020-House-race-in-Iowa's-2nd-District,23208,Democratic,0.68,0.34,0.66,0.32,09/12/2020 11:20:26,Open
1047,6789,Which party will win the 2020 House race in Iowa's 2nd District?,https://www.predictit.org/markets/detail/6789/Which-party-will-win-the-2020-House-race-in-Iowa's-2nd-District,23208,Democratic,0.68,0.34,0.66,0.32,09/12/2020 11:22:48,Open
1048,6789,Which party will win the 2020 House race in Iowa's 2nd District?,https://www.predictit.org/markets/detail/6789/Which-party-will-win-the-2020-House-race-in-Iowa's-2nd-District,23208,Democratic,0.68,0.34,0.66,0.32,09/12/2020 11:25:10,Open
1049,6789,Which party will win the 2020 House race in Iowa's 2nd District?,https://www.predictit.org/markets/detail/6789/Which-party-will-win-the-2020-House-race-in-Iowa's-2nd-District,23208,Democratic,0.68,0.34,0.66,0.32,09/12/2020 11:27:32,Open
1050,6789,Which party will win the 2020 House race in Iowa's 2nd District?,https://www.predictit.org/markets/detail/6789/Which-party-will-win-the-2020-House-race-in-Iowa's-2nd-District,23208,Democratic,0.68,0.34,0.66,0.32,09/12/2020 11:29:50,Open
1051,6789,Which party will win the 2020 House race in Iowa's 2nd District?,https://www.predictit.org/markets/detail/6789/Which-party-will-win-the-2020-House-race-in-Iowa's-2nd-District,23208,Democratic,0.68,0.34,0.66,0.32,09/12/2020 11:32:10,Open
1052,6789,Which party will win the 2020 House race in Iowa's 2nd District?,https://www.predictit.org/markets/detail/6789/Which-party-will-win-the-2020-House-race-in-Iowa's-2nd-District,23208,Democratic,0.68,0.34,0.66,0.32,09/12/2020 11:34:31,Open
1053,6789,Which party will win the 2020 House race in Iowa's 2nd District?,https://www.predictit.org/markets/detail/6789/Which-party-will-win-the-2020-House-race-in-Iowa's-2nd-District,23208,Democratic,0.68,0.34,0.66,0.32,09/12/2020 11:36:52,Open
1054,6789,Which party will win the 2020 House race in Iowa's 2nd District?,https://www.predictit.org/markets/detail/6789/Which-party-will-win-the-2020-House-race-in-Iowa's-2nd-District,23208,Democratic,0.68,0.34,0.66,0.32,09/12/2020 11:39:11,Open
1055,6789,Which party will win the 2020 House race in Iowa's 2nd District?,https://www.predictit.org/markets/detail/6789/Which-party-will-win-the-2020-House-race-in-Iowa's-2nd-District,23208,Democratic,0.68,0.34,0.66,0.32,09/12/2020 11:41:31,Open
1056,6789,Which party will win the 2020 House race in Iowa's 2nd District?,https://www.predictit.org/markets/detail/6789/Which-party-will-win-the-2020-House-race-in-Iowa's-2nd-District,23208,Democratic,0.68,0.34,0.66,0.32,09/12/2020 11:43:51,Open
1057,6789,Which party will win the 2020 House race in Iowa's 2nd District?,https://www.predictit.org/markets/detail/6789/Which-party-will-win-the-2020-House-race-in-Iowa's-2nd-District,23208,Democratic,0.68,0.34,0.66,0.32,09/12/2020 11:46:12,Open
1058,6789,Which party will win the 2020 House race in Iowa's 2nd District?,https://www.predictit.org/markets/detail/6789/Which-party-will-win-the-2020-House-race-in-Iowa's-2nd-District,23208,Democratic,0.68,0.34,0.66,0.32,09/12/2020 11:48:35,Open
1059,6789,Which party will win the 2020 House race in Iowa's 2nd District?,https://www.predictit.org/markets/detail/6789/Which-party-will-win-the-2020-House-race-in-Iowa's-2nd-District,23208,Democratic,0.68,0.34,0.66,0.32,09/12/2020 11:50:55,Open
1060,6789,Which party will win the 2020 House race in Iowa's 2nd District?,https://www.predictit.org/markets/detail/6789/Which-party-will-win-the-2020-House-race-in-Iowa's-2nd-District,23208,Democratic,0.68,0.34,0.66,0.32,09/12/2020 11:53:16,Open
1061,6789,Which party will win the 2020 House race in Iowa's 2nd District?,https://www.predictit.org/markets/detail/6789/Which-party-will-win-the-2020-House-race-in-Iowa's-2nd-District,23208,Democratic,0.68,0.34,0.66,0.32,09/12/2020 11:55:36,Open
1062,6789,Which party will win the 2020 House race in Iowa's 2nd District?,https://www.predictit.org/markets/detail/6789/Which-party-will-win-the-2020-House-race-in-Iowa's-2nd-District,23208,Democratic,0.68,0.34,0.66,0.32,09/12/2020 11:57:59,Open
1063,6789,Which party will win the 2020 House race in Iowa's 2nd District?,https://www.predictit.org/markets/detail/6789/Which-party-will-win-the-2020-House-race-in-Iowa's-2nd-District,23208,Democratic,0.68,0.34,0.66,0.32,09/12/2020 12:00:19,Open
1064,6789,Which party will win the 2020 House race in Iowa's 2nd District?,https://www.predictit.org/markets/detail/6789/Which-party-will-win-the-2020-House-race-in-Iowa's-2nd-District,23208,Democratic,0.68,0.34,0.66,0.32,09/12/2020 12:02:39,Open
1065,6789,Which party will win the 2020 House race in Iowa's 2nd District?,https://www.predictit.org/markets/detail/6789/Which-party-will-win-the-2020-House-race-in-Iowa's-2nd-District,23208,Democratic,0.68,0.34,0.66,0.32,09/12/2020 12:05:00,Open
1066,6789,Which party will win the 2020 House race in Iowa's 2nd District?,https://www.predictit.org/markets/detail/6789/Which-party-will-win-the-2020-House-race-in-Iowa's-2nd-District,23208,Democratic,0.68,0.34,0.66,0.32,09/12/2020 12:07:22,Open
1067,6789,Which party will win the 2020 House race in Iowa's 2nd District?,https://www.predictit.org/markets/detail/6789/Which-party-will-win-the-2020-House-race-in-Iowa's-2nd-District,23208,Democratic,0.68,0.34,0.66,0.32,09/12/2020 12:09:46,Open
1068,6789,Which party will win the 2020 House race in Iowa's 2nd District?,https://www.predictit.org/markets/detail/6789/Which-party-will-win-the-2020-House-race-in-Iowa's-2nd-District,23208,Democratic,0.68,0.34,0.66,0.32,09/12/2020 12:12:05,Open
1069,6789,Which party will win the 2020 House race in Iowa's 2nd District?,https://www.predictit.org/markets/detail/6789/Which-party-will-win-the-2020-House-race-in-Iowa's-2nd-District,23208,Democratic,0.68,0.34,0.66,0.32,09/12/2020 12:14:24,Open
1070,6789,Which party will win the 2020 House race in Iowa's 2nd District?,https://www.predictit.org/markets/detail/6789/Which-party-will-win-the-2020-House-race-in-Iowa's-2nd-District,23208,Democratic,0.68,0.34,0.66,0.32,09/12/2020 12:16:46,Open
1071,6789,Which party will win the 2020 House race in Iowa's 2nd District?,https://www.predictit.org/markets/detail/6789/Which-party-will-win-the-2020-House-race-in-Iowa's-2nd-District,23208,Democratic,0.68,0.34,0.66,0.32,09/12/2020 12:19:07,Open
1072,6789,Which party will win the 2020 House race in Iowa's 2nd District?,https://www.predictit.org/markets/detail/6789/Which-party-will-win-the-2020-House-race-in-Iowa's-2nd-District,23208,Democratic,0.68,0.34,0.66,0.32,09/12/2020 12:21:30,Open
1073,6789,Which party will win the 2020 House race in Iowa's 2nd District?,https://www.predictit.org/markets/detail/6789/Which-party-will-win-the-2020-House-race-in-Iowa's-2nd-District,23208,Democratic,0.68,0.34,0.66,0.32,09/12/2020 12:23:50,Open
1074,6789,Which party will win the 2020 House race in Iowa's 2nd District?,https://www.predictit.org/markets/detail/6789/Which-party-will-win-the-2020-House-race-in-Iowa's-2nd-District,23208,Democratic,0.68,0.34,0.66,0.32,09/12/2020 12:26:12,Open
1075,6789,Which party will win the 2020 House race in Iowa's 2nd District?,https://www.predictit.org/markets/detail/6789/Which-party-will-win-the-2020-House-race-in-Iowa's-2nd-District,23208,Democratic,0.68,0.34,0.66,0.32,09/12/2020 12:28:34,Open
1076,6789,Which party will win the 2020 House race in Iowa's 2nd District?,https://www.predictit.org/markets/detail/6789/Which-party-will-win-the-2020-House-race-in-Iowa's-2nd-District,23208,Democratic,0.68,0.34,0.66,0.32,09/12/2020 12:30:54,Open
1077,6789,Which party will win the 2020 House race in Iowa's 2nd District?,https://www.predictit.org/markets/detail/6789/Which-party-will-win-the-2020-House-race-in-Iowa's-2nd-District,23208,Democratic,0.68,0.34,0.66,0.32,09/12/2020 12:33:17,Open
1078,6789,Which party will win the 2020 House race in Iowa's 2nd District?,https://www.predictit.org/markets/detail/6789/Which-party-will-win-the-2020-House-race-in-Iowa's-2nd-District,23208,Democratic,0.68,0.34,0.66,0.32,09/12/2020 12:35:36,Open
1079,6789,Which party will win the 2020 House race in Iowa's 2nd District?,https://www.predictit.org/markets/detail/6789/Which-party-will-win-the-2020-House-race-in-Iowa's-2nd-District,23208,Democratic,0.68,0.34,0.66,0.32,09/12/2020 12:37:59,Open
1080,6789,Which party will win the 2020 House race in Iowa's 2nd District?,https://www.predictit.org/markets/detail/6789/Which-party-will-win-the-2020-House-race-in-Iowa's-2nd-District,23208,Democratic,0.68,0.34,0.66,0.32,09/12/2020 12:40:21,Open
1081,6789,Which party will win the 2020 House race in Iowa's 2nd District?,https://www.predictit.org/markets/detail/6789/Which-party-will-win-the-2020-House-race-in-Iowa's-2nd-District,23208,Democratic,0.68,0.34,0.66,0.32,09/12/2020 12:42:40,Open
1082,6789,Which party will win the 2020 House race in Iowa's 2nd District?,https://www.predictit.org/markets/detail/6789/Which-party-will-win-the-2020-House-race-in-Iowa's-2nd-District,23208,Democratic,0.68,0.34,0.66,0.32,09/12/2020 12:45:01,Open
1083,6789,Which party will win the 2020 House race in Iowa's 2nd District?,https://www.predictit.org/markets/detail/6789/Which-party-will-win-the-2020-House-race-in-Iowa's-2nd-District,23208,Democratic,0.68,0.34,0.66,0.32,09/12/2020 12:47:24,Open
1084,6789,Which party will win the 2020 House race in Iowa's 2nd District?,https://www.predictit.org/markets/detail/6789/Which-party-will-win-the-2020-House-race-in-Iowa's-2nd-District,23208,Democratic,0.68,0.34,0.66,0.32,09/12/2020 12:49:52,Open
1085,6789,Which party will win the 2020 House race in Iowa's 2nd District?,https://www.predictit.org/markets/detail/6789/Which-party-will-win-the-2020-House-race-in-Iowa's-2nd-District,23208,Democratic,0.68,0.34,0.66,0.32,09/12/2020 12:52:16,Open
1086,6789,Which party will win the 2020 House race in Iowa's 2nd District?,https://www.predictit.org/markets/detail/6789/Which-party-will-win-the-2020-House-race-in-Iowa's-2nd-District,23208,Democratic,0.68,0.34,0.66,0.32,09/12/2020 12:54:41,Open
1087,6789,Which party will win the 2020 House race in Iowa's 2nd District?,https://www.predictit.org/markets/detail/6789/Which-party-will-win-the-2020-House-race-in-Iowa's-2nd-District,23208,Democratic,0.68,0.34,0.66,0.32,09/12/2020 12:57:05,Open
1088,6789,Which party will win the 2020 House race in Iowa's 2nd District?,https://www.predictit.org/markets/detail/6789/Which-party-will-win-the-2020-House-race-in-Iowa's-2nd-District,23208,Democratic,0.68,0.34,0.66,0.32,09/12/2020 12:59:32,Open
1089,6789,Which party will win the 2020 House race in Iowa's 2nd District?,https://www.predictit.org/markets/detail/6789/Which-party-will-win-the-2020-House-race-in-Iowa's-2nd-District,23208,Democratic,0.68,0.34,0.66,0.32,09/12/2020 13:01:56,Open
1090,6789,Which party will win the 2020 House race in Iowa's 2nd District?,https://www.predictit.org/markets/detail/6789/Which-party-will-win-the-2020-House-race-in-Iowa's-2nd-District,23208,Democratic,0.68,0.34,0.66,0.32,09/12/2020 13:04:21,Open
1091,6789,Which party will win the 2020 House race in Iowa's 2nd District?,https://www.predictit.org/markets/detail/6789/Which-party-will-win-the-2020-House-race-in-Iowa's-2nd-District,23208,Democratic,0.68,0.34,0.66,0.32,09/12/2020 13:06:43,Open
1092,6789,Which party will win the 2020 House race in Iowa's 2nd District?,https://www.predictit.org/markets/detail/6789/Which-party-will-win-the-2020-House-race-in-Iowa's-2nd-District,23208,Democratic,0.68,0.34,0.66,0.32,09/12/2020 13:09:09,Open
1093,6789,Which party will win the 2020 House race in Iowa's 2nd District?,https://www.predictit.org/markets/detail/6789/Which-party-will-win-the-2020-House-race-in-Iowa's-2nd-District,23208,Democratic,0.68,0.34,0.66,0.32,09/12/2020 13:11:32,Open
1094,6789,Which party will win the 2020 House race in Iowa's 2nd District?,https://www.predictit.org/markets/detail/6789/Which-party-will-win-the-2020-House-race-in-Iowa's-2nd-District,23208,Democratic,0.68,0.34,0.66,0.32,09/12/2020 13:13:57,Open
1095,6789,Which party will win the 2020 House race in Iowa's 2nd District?,https://www.predictit.org/markets/detail/6789/Which-party-will-win-the-2020-House-race-in-Iowa's-2nd-District,23208,Democratic,0.68,0.34,0.66,0.32,09/12/2020 13:16:22,Open
1096,6789,Which party will win the 2020 House race in Iowa's 2nd District?,https://www.predictit.org/markets/detail/6789/Which-party-will-win-the-2020-House-race-in-Iowa's-2nd-District,23208,Democratic,0.68,0.34,0.66,0.32,09/12/2020 13:18:49,Open
1097,6789,Which party will win the 2020 House race in Iowa's 2nd District?,https://www.predictit.org/markets/detail/6789/Which-party-will-win-the-2020-House-race-in-Iowa's-2nd-District,23208,Democratic,0.68,0.34,0.66,0.32,09/12/2020 13:21:16,Open
1098,6789,Which party will win the 2020 House race in Iowa's 2nd District?,https://www.predictit.org/markets/detail/6789/Which-party-will-win-the-2020-House-race-in-Iowa's-2nd-District,23208,Democratic,0.68,0.34,0.66,0.32,09/12/2020 13:23:38,Open
1099,6789,Which party will win the 2020 House race in Iowa's 2nd District?,https://www.predictit.org/markets/detail/6789/Which-party-will-win-the-2020-House-race-in-Iowa's-2nd-District,23208,Democratic,0.68,0.34,0.66,0.32,09/12/2020 13:26:04,Open
1100,6789,Which party will win the 2020 House race in Iowa's 2nd District?,https://www.predictit.org/markets/detail/6789/Which-party-will-win-the-2020-House-race-in-Iowa's-2nd-District,23208,Democratic,0.68,0.34,0.66,0.32,09/12/2020 13:28:28,Open
1101,6789,Which party will win the 2020 House race in Iowa's 2nd District?,https://www.predictit.org/markets/detail/6789/Which-party-will-win-the-2020-House-race-in-Iowa's-2nd-District,23208,Democratic,0.68,0.34,0.66,0.32,09/12/2020 13:30:51,Open
1102,6789,Which party will win the 2020 House race in Iowa's 2nd District?,https://www.predictit.org/markets/detail/6789/Which-party-will-win-the-2020-House-race-in-Iowa's-2nd-District,23208,Democratic,0.68,0.34,0.66,0.32,09/12/2020 13:33:14,Open
1103,6789,Which party will win the 2020 House race in Iowa's 2nd District?,https://www.predictit.org/markets/detail/6789/Which-party-will-win-the-2020-House-race-in-Iowa's-2nd-District,23208,Democratic,0.68,0.34,0.66,0.32,09/12/2020 13:35:38,Open
1104,6789,Which party will win the 2020 House race in Iowa's 2nd District?,https://www.predictit.org/markets/detail/6789/Which-party-will-win-the-2020-House-race-in-Iowa's-2nd-District,23208,Democratic,0.68,0.34,0.66,0.32,09/12/2020 13:38:04,Open
1105,6789,Which party will win the 2020 House race in Iowa's 2nd District?,https://www.predictit.org/markets/detail/6789/Which-party-will-win-the-2020-House-race-in-Iowa's-2nd-District,23208,Democratic,0.68,0.34,0.66,0.32,09/12/2020 13:40:31,Open
1106,6789,Which party will win the 2020 House race in Iowa's 2nd District?,https://www.predictit.org/markets/detail/6789/Which-party-will-win-the-2020-House-race-in-Iowa's-2nd-District,23208,Democratic,0.68,0.34,0.66,0.32,09/12/2020 13:42:57,Open
1107,6789,Which party will win the 2020 House race in Iowa's 2nd District?,https://www.predictit.org/markets/detail/6789/Which-party-will-win-the-2020-House-race-in-Iowa's-2nd-District,23208,Democratic,0.68,0.34,0.66,0.32,09/12/2020 13:45:22,Open
1108,6789,Which party will win the 2020 House race in Iowa's 2nd District?,https://www.predictit.org/markets/detail/6789/Which-party-will-win-the-2020-House-race-in-Iowa's-2nd-District,23208,Democratic,0.68,0.34,0.66,0.32,09/12/2020 13:47:50,Open
1109,6789,Which party will win the 2020 House race in Iowa's 2nd District?,https://www.predictit.org/markets/detail/6789/Which-party-will-win-the-2020-House-race-in-Iowa's-2nd-District,23208,Democratic,0.68,0.34,0.66,0.32,09/12/2020 13:50:15,Open
1110,6789,Which party will win the 2020 House race in Iowa's 2nd District?,https://www.predictit.org/markets/detail/6789/Which-party-will-win-the-2020-House-race-in-Iowa's-2nd-District,23208,Democratic,0.68,0.34,0.66,0.32,09/12/2020 13:52:42,Open
1111,6789,Which party will win the 2020 House race in Iowa's 2nd District?,https://www.predictit.org/markets/detail/6789/Which-party-will-win-the-2020-House-race-in-Iowa's-2nd-District,23208,Democratic,0.68,0.34,0.66,0.32,09/12/2020 13:55:06,Open
1112,6789,Which party will win the 2020 House race in Iowa's 2nd District?,https://www.predictit.org/markets/detail/6789/Which-party-will-win-the-2020-House-race-in-Iowa's-2nd-District,23208,Democratic,0.68,0.34,0.66,0.32,09/12/2020 13:57:37,Open
1113,6789,Which party will win the 2020 House race in Iowa's 2nd District?,https://www.predictit.org/markets/detail/6789/Which-party-will-win-the-2020-House-race-in-Iowa's-2nd-District,23208,Democratic,0.68,0.34,0.66,0.32,09/12/2020 14:00:02,Open
1114,6789,Which party will win the 2020 House race in Iowa's 2nd District?,https://www.predictit.org/markets/detail/6789/Which-party-will-win-the-2020-House-race-in-Iowa's-2nd-District,23208,Democratic,0.68,0.34,0.66,0.32,09/12/2020 14:02:29,Open
1115,6789,Which party will win the 2020 House race in Iowa's 2nd District?,https://www.predictit.org/markets/detail/6789/Which-party-will-win-the-2020-House-race-in-Iowa's-2nd-District,23208,Democratic,0.68,0.34,0.66,0.32,09/12/2020 14:04:58,Open
1116,6789,Which party will win the 2020 House race in Iowa's 2nd District?,https://www.predictit.org/markets/detail/6789/Which-party-will-win-the-2020-House-race-in-Iowa's-2nd-District,23208,Democratic,0.68,0.34,0.66,0.32,09/12/2020 14:07:24,Open
1117,6789,Which party will win the 2020 House race in Iowa's 2nd District?,https://www.predictit.org/markets/detail/6789/Which-party-will-win-the-2020-House-race-in-Iowa's-2nd-District,23208,Democratic,0.68,0.34,0.66,0.32,09/12/2020 14:09:52,Open
1118,6789,Which party will win the 2020 House race in Iowa's 2nd District?,https://www.predictit.org/markets/detail/6789/Which-party-will-win-the-2020-House-race-in-Iowa's-2nd-District,23208,Democratic,0.68,0.34,0.66,0.32,09/12/2020 14:12:16,Open
1119,6789,Which party will win the 2020 House race in Iowa's 2nd District?,https://www.predictit.org/markets/detail/6789/Which-party-will-win-the-2020-House-race-in-Iowa's-2nd-District,23208,Democratic,0.68,0.34,0.66,0.32,09/12/2020 14:14:44,Open
1120,6789,Which party will win the 2020 House race in Iowa's 2nd District?,https://www.predictit.org/markets/detail/6789/Which-party-will-win-the-2020-House-race-in-Iowa's-2nd-District,23208,Democratic,0.68,0.34,0.66,0.32,09/12/2020 14:17:08,Open
1121,6789,Which party will win the 2020 House race in Iowa's 2nd District?,https://www.predictit.org/markets/detail/6789/Which-party-will-win-the-2020-House-race-in-Iowa's-2nd-District,23208,Democratic,0.68,0.34,0.66,0.32,09/12/2020 14:19:38,Open
1122,6789,Which party will win the 2020 House race in Iowa's 2nd District?,https://www.predictit.org/markets/detail/6789/Which-party-will-win-the-2020-House-race-in-Iowa's-2nd-District,23208,Democratic,0.68,0.34,0.66,0.32,09/12/2020 14:22:03,Open
1123,6789,Which party will win the 2020 House race in Iowa's 2nd District?,https://www.predictit.org/markets/detail/6789/Which-party-will-win-the-2020-House-race-in-Iowa's-2nd-District,23208,Democratic,0.68,0.34,0.66,0.32,09/12/2020 14:24:28,Open
1124,6789,Which party will win the 2020 House race in Iowa's 2nd District?,https://www.predictit.org/markets/detail/6789/Which-party-will-win-the-2020-House-race-in-Iowa's-2nd-District,23208,Democratic,0.68,0.34,0.66,0.32,09/12/2020 14:26:55,Open
1125,6789,Which party will win the 2020 House race in Iowa's 2nd District?,https://www.predictit.org/markets/detail/6789/Which-party-will-win-the-2020-House-race-in-Iowa's-2nd-District,23208,Democratic,0.68,0.34,0.66,0.32,09/12/2020 14:29:24,Open
1126,6789,Which party will win the 2020 House race in Iowa's 2nd District?,https://www.predictit.org/markets/detail/6789/Which-party-will-win-the-2020-House-race-in-Iowa's-2nd-District,23208,Democratic,0.68,0.34,0.66,0.32,09/12/2020 14:31:51,Open
1127,6789,Which party will win the 2020 House race in Iowa's 2nd District?,https://www.predictit.org/markets/detail/6789/Which-party-will-win-the-2020-House-race-in-Iowa's-2nd-District,23208,Democratic,0.68,0.34,0.66,0.32,09/12/2020 14:34:16,Open
1128,6789,Which party will win the 2020 House race in Iowa's 2nd District?,https://www.predictit.org/markets/detail/6789/Which-party-will-win-the-2020-House-race-in-Iowa's-2nd-District,23208,Democratic,0.68,0.34,0.66,0.32,09/12/2020 14:36:44,Open
1129,6789,Which party will win the 2020 House race in Iowa's 2nd District?,https://www.predictit.org/markets/detail/6789/Which-party-will-win-the-2020-House-race-in-Iowa's-2nd-District,23208,Democratic,0.68,0.34,0.66,0.32,09/12/2020 14:39:41,Open
1130,6789,Which party will win the 2020 House race in Iowa's 2nd District?,https://www.predictit.org/markets/detail/6789/Which-party-will-win-the-2020-House-race-in-Iowa's-2nd-District,23208,Democratic,0.68,0.34,0.66,0.32,09/12/2020 14:42:08,Open
1131,6789,Which party will win the 2020 House race in Iowa's 2nd District?,https://www.predictit.org/markets/detail/6789/Which-party-will-win-the-2020-House-race-in-Iowa's-2nd-District,23208,Democratic,0.68,0.34,0.66,0.32,09/12/2020 14:44:33,Open
1132,6789,Which party will win the 2020 House race in Iowa's 2nd District?,https://www.predictit.org/markets/detail/6789/Which-party-will-win-the-2020-House-race-in-Iowa's-2nd-District,23208,Democratic,0.68,0.34,0.66,0.32,09/12/2020 14:46:59,Open
1133,6789,Which party will win the 2020 House race in Iowa's 2nd District?,https://www.predictit.org/markets/detail/6789/Which-party-will-win-the-2020-House-race-in-Iowa's-2nd-District,23208,Democratic,0.68,0.34,0.66,0.32,09/12/2020 14:49:27,Open
1134,6789,Which party will win the 2020 House race in Iowa's 2nd District?,https://www.predictit.org/markets/detail/6789/Which-party-will-win-the-2020-House-race-in-Iowa's-2nd-District,23208,Democratic,0.68,0.34,0.66,0.32,09/12/2020 14:52:00,Open
1135,6789,Which party will win the 2020 House race in Iowa's 2nd District?,https://www.predictit.org/markets/detail/6789/Which-party-will-win-the-2020-House-race-in-Iowa's-2nd-District,23208,Democratic,0.68,0.34,0.66,0.32,09/12/2020 14:54:26,Open
1136,6789,Which party will win the 2020 House race in Iowa's 2nd District?,https://www.predictit.org/markets/detail/6789/Which-party-will-win-the-2020-House-race-in-Iowa's-2nd-District,23208,Democratic,0.68,0.34,0.66,0.32,09/12/2020 14:56:52,Open
1137,6789,Which party will win the 2020 House race in Iowa's 2nd District?,https://www.predictit.org/markets/detail/6789/Which-party-will-win-the-2020-House-race-in-Iowa's-2nd-District,23208,Democratic,0.68,0.34,0.66,0.32,09/12/2020 14:59:19,Open
1138,6789,Which party will win the 2020 House race in Iowa's 2nd District?,https://www.predictit.org/markets/detail/6789/Which-party-will-win-the-2020-House-race-in-Iowa's-2nd-District,23208,Democratic,0.68,0.34,0.66,0.32,09/12/2020 15:01:45,Open
1139,6789,Which party will win the 2020 House race in Iowa's 2nd District?,https://www.predictit.org/markets/detail/6789/Which-party-will-win-the-2020-House-race-in-Iowa's-2nd-District,23208,Democratic,0.68,0.34,0.66,0.32,09/12/2020 15:04:12,Open
1140,6789,Which party will win the 2020 House race in Iowa's 2nd District?,https://www.predictit.org/markets/detail/6789/Which-party-will-win-the-2020-House-race-in-Iowa's-2nd-District,23208,Democratic,0.68,0.34,0.66,0.32,09/12/2020 15:06:40,Open
1141,6789,Which party will win the 2020 House race in Iowa's 2nd District?,https://www.predictit.org/markets/detail/6789/Which-party-will-win-the-2020-House-race-in-Iowa's-2nd-District,23208,Democratic,0.68,0.34,0.66,0.32,09/12/2020 15:09:06,Open
1142,6789,Which party will win the 2020 House race in Iowa's 2nd District?,https://www.predictit.org/markets/detail/6789/Which-party-will-win-the-2020-House-race-in-Iowa's-2nd-District,23208,Democratic,0.68,0.34,0.66,0.32,09/12/2020 15:11:34,Open
1143,6789,Which party will win the 2020 House race in Iowa's 2nd District?,https://www.predictit.org/markets/detail/6789/Which-party-will-win-the-2020-House-race-in-Iowa's-2nd-District,23208,Democratic,0.68,0.34,0.66,0.32,09/12/2020 15:14:00,Open
1144,6789,Which party will win the 2020 House race in Iowa's 2nd District?,https://www.predictit.org/markets/detail/6789/Which-party-will-win-the-2020-House-race-in-Iowa's-2nd-District,23208,Democratic,0.68,0.34,0.66,0.32,09/12/2020 15:16:25,Open
1145,6789,Which party will win the 2020 House race in Iowa's 2nd District?,https://www.predictit.org/markets/detail/6789/Which-party-will-win-the-2020-House-race-in-Iowa's-2nd-District,23208,Democratic,0.68,0.34,0.66,0.32,09/12/2020 15:18:51,Open
1146,6789,Which party will win the 2020 House race in Iowa's 2nd District?,https://www.predictit.org/markets/detail/6789/Which-party-will-win-the-2020-House-race-in-Iowa's-2nd-District,23208,Democratic,0.68,0.34,0.66,0.32,09/12/2020 15:21:19,Open
1147,6789,Which party will win the 2020 House race in Iowa's 2nd District?,https://www.predictit.org/markets/detail/6789/Which-party-will-win-the-2020-House-race-in-Iowa's-2nd-District,23208,Democratic,0.68,0.34,0.66,0.32,09/12/2020 15:23:46,Open
1148,6789,Which party will win the 2020 House race in Iowa's 2nd District?,https://www.predictit.org/markets/detail/6789/Which-party-will-win-the-2020-House-race-in-Iowa's-2nd-District,23208,Democratic,0.68,0.34,0.66,0.32,09/12/2020 15:26:14,Open
1149,6789,Which party will win the 2020 House race in Iowa's 2nd District?,https://www.predictit.org/markets/detail/6789/Which-party-will-win-the-2020-House-race-in-Iowa's-2nd-District,23208,Democratic,0.68,0.34,0.66,0.32,09/12/2020 15:28:39,Open
1150,6789,Which party will win the 2020 House race in Iowa's 2nd District?,https://www.predictit.org/markets/detail/6789/Which-party-will-win-the-2020-House-race-in-Iowa's-2nd-District,23208,Democratic,0.68,0.34,0.66,0.32,09/12/2020 15:31:09,Open
1151,6789,Which party will win the 2020 House race in Iowa's 2nd District?,https://www.predictit.org/markets/detail/6789/Which-party-will-win-the-2020-House-race-in-Iowa's-2nd-District,23208,Democratic,0.68,0.34,0.66,0.32,09/12/2020 15:33:34,Open
1152,6789,Which party will win the 2020 House race in Iowa's 2nd District?,https://www.predictit.org/markets/detail/6789/Which-party-will-win-the-2020-House-race-in-Iowa's-2nd-District,23208,Democratic,0.68,0.34,0.66,0.32,09/12/2020 15:36:06,Open
1153,6789,Which party will win the 2020 House race in Iowa's 2nd District?,https://www.predictit.org/markets/detail/6789/Which-party-will-win-the-2020-House-race-in-Iowa's-2nd-District,23208,Democratic,0.68,0.34,0.66,0.32,09/12/2020 15:38:32,Open
1154,6789,Which party will win the 2020 House race in Iowa's 2nd District?,https://www.predictit.org/markets/detail/6789/Which-party-will-win-the-2020-House-race-in-Iowa's-2nd-District,23208,Democratic,0.68,0.34,0.66,0.32,09/12/2020 15:40:59,Open
1155,6789,Which party will win the 2020 House race in Iowa's 2nd District?,https://www.predictit.org/markets/detail/6789/Which-party-will-win-the-2020-House-race-in-Iowa's-2nd-District,23208,Democratic,0.68,0.34,0.66,0.32,09/12/2020 15:43:24,Open
1156,6789,Which party will win the 2020 House race in Iowa's 2nd District?,https://www.predictit.org/markets/detail/6789/Which-party-will-win-the-2020-House-race-in-Iowa's-2nd-District,23208,Democratic,0.68,0.34,0.66,0.32,09/12/2020 15:45:51,Open
1157,6789,Which party will win the 2020 House race in Iowa's 2nd District?,https://www.predictit.org/markets/detail/6789/Which-party-will-win-the-2020-House-race-in-Iowa's-2nd-District,23208,Democratic,0.68,0.34,0.66,0.32,09/12/2020 15:48:14,Open
1158,6789,Which party will win the 2020 House race in Iowa's 2nd District?,https://www.predictit.org/markets/detail/6789/Which-party-will-win-the-2020-House-race-in-Iowa's-2nd-District,23208,Democratic,0.68,0.34,0.66,0.32,09/12/2020 15:50:40,Open
1159,6789,Which party will win the 2020 House race in Iowa's 2nd District?,https://www.predictit.org/markets/detail/6789/Which-party-will-win-the-2020-House-race-in-Iowa's-2nd-District,23208,Democratic,0.68,0.34,0.66,0.32,09/12/2020 15:53:07,Open
1160,6789,Which party will win the 2020 House race in Iowa's 2nd District?,https://www.predictit.org/markets/detail/6789/Which-party-will-win-the-2020-House-race-in-Iowa's-2nd-District,23208,Democratic,0.68,0.34,0.66,0.32,09/12/2020 15:55:32,Open
1161,6789,Which party will win the 2020 House race in Iowa's 2nd District?,https://www.predictit.org/markets/detail/6789/Which-party-will-win-the-2020-House-race-in-Iowa's-2nd-District,23208,Democratic,0.68,0.34,0.66,0.32,09/12/2020 15:58:00,Open
1162,6789,Which party will win the 2020 House race in Iowa's 2nd District?,https://www.predictit.org/markets/detail/6789/Which-party-will-win-the-2020-House-race-in-Iowa's-2nd-District,23208,Democratic,0.68,0.34,0.66,0.32,09/12/2020 16:00:27,Open
1163,6789,Which party will win the 2020 House race in Iowa's 2nd District?,https://www.predictit.org/markets/detail/6789/Which-party-will-win-the-2020-House-race-in-Iowa's-2nd-District,23208,Democratic,0.68,0.34,0.66,0.32,09/12/2020 16:03:02,Open
1164,6789,Which party will win the 2020 House race in Iowa's 2nd District?,https://www.predictit.org/markets/detail/6789/Which-party-will-win-the-2020-House-race-in-Iowa's-2nd-District,23208,Democratic,0.68,0.34,0.66,0.32,09/12/2020 16:05:31,Open
1165,6789,Which party will win the 2020 House race in Iowa's 2nd District?,https://www.predictit.org/markets/detail/6789/Which-party-will-win-the-2020-House-race-in-Iowa's-2nd-District,23208,Democratic,0.68,0.34,0.66,0.32,09/12/2020 16:08:00,Open
1166,6789,Which party will win the 2020 House race in Iowa's 2nd District?,https://www.predictit.org/markets/detail/6789/Which-party-will-win-the-2020-House-race-in-Iowa's-2nd-District,23208,Democratic,0.68,0.34,0.66,0.32,09/12/2020 16:10:28,Open
1167,6789,Which party will win the 2020 House race in Iowa's 2nd District?,https://www.predictit.org/markets/detail/6789/Which-party-will-win-the-2020-House-race-in-Iowa's-2nd-District,23208,Democratic,0.68,0.34,0.66,0.32,09/12/2020 16:13:00,Open
1168,6789,Which party will win the 2020 House race in Iowa's 2nd District?,https://www.predictit.org/markets/detail/6789/Which-party-will-win-the-2020-House-race-in-Iowa's-2nd-District,23208,Democratic,0.68,0.34,0.66,0.32,09/12/2020 16:15:28,Open
1169,6789,Which party will win the 2020 House race in Iowa's 2nd District?,https://www.predictit.org/markets/detail/6789/Which-party-will-win-the-2020-House-race-in-Iowa's-2nd-District,23208,Democratic,0.68,0.34,0.66,0.32,09/12/2020 16:17:57,Open
1170,6789,Which party will win the 2020 House race in Iowa's 2nd District?,https://www.predictit.org/markets/detail/6789/Which-party-will-win-the-2020-House-race-in-Iowa's-2nd-District,23208,Democratic,0.68,0.34,0.66,0.32,09/12/2020 16:20:25,Open
1171,6789,Which party will win the 2020 House race in Iowa's 2nd District?,https://www.predictit.org/markets/detail/6789/Which-party-will-win-the-2020-House-race-in-Iowa's-2nd-District,23208,Democratic,0.68,0.34,0.66,0.32,09/12/2020 16:22:56,Open
1172,6789,Which party will win the 2020 House race in Iowa's 2nd District?,https://www.predictit.org/markets/detail/6789/Which-party-will-win-the-2020-House-race-in-Iowa's-2nd-District,23208,Democratic,0.68,0.34,0.66,0.32,09/12/2020 16:25:28,Open
1173,6789,Which party will win the 2020 House race in Iowa's 2nd District?,https://www.predictit.org/markets/detail/6789/Which-party-will-win-the-2020-House-race-in-Iowa's-2nd-District,23208,Democratic,0.68,0.34,0.66,0.32,09/12/2020 16:27:59,Open
1174,6789,Which party will win the 2020 House race in Iowa's 2nd District?,https://www.predictit.org/markets/detail/6789/Which-party-will-win-the-2020-House-race-in-Iowa's-2nd-District,23208,Democratic,0.68,0.34,0.66,0.32,09/12/2020 16:30:32,Open
1175,6789,Which party will win the 2020 House race in Iowa's 2nd District?,https://www.predictit.org/markets/detail/6789/Which-party-will-win-the-2020-House-race-in-Iowa's-2nd-District,23208,Democratic,0.68,0.34,0.66,0.32,09/12/2020 16:33:05,Open
1176,6789,Which party will win the 2020 House race in Iowa's 2nd District?,https://www.predictit.org/markets/detail/6789/Which-party-will-win-the-2020-House-race-in-Iowa's-2nd-District,23208,Democratic,0.68,0.34,0.66,0.32,09/12/2020 16:35:35,Open
1177,6789,Which party will win the 2020 House race in Iowa's 2nd District?,https://www.predictit.org/markets/detail/6789/Which-party-will-win-the-2020-House-race-in-Iowa's-2nd-District,23208,Democratic,0.68,0.34,0.66,0.32,09/12/2020 16:38:06,Open
1178,6789,Which party will win the 2020 House race in Iowa's 2nd District?,https://www.predictit.org/markets/detail/6789/Which-party-will-win-the-2020-House-race-in-Iowa's-2nd-District,23208,Democratic,0.68,0.34,0.66,0.32,09/12/2020 16:40:36,Open
1179,6789,Which party will win the 2020 House race in Iowa's 2nd District?,https://www.predictit.org/markets/detail/6789/Which-party-will-win-the-2020-House-race-in-Iowa's-2nd-District,23208,Democratic,0.68,0.34,0.66,0.32,09/12/2020 16:43:07,Open
1180,6789,Which party will win the 2020 House race in Iowa's 2nd District?,https://www.predictit.org/markets/detail/6789/Which-party-will-win-the-2020-House-race-in-Iowa's-2nd-District,23208,Democratic,0.68,0.34,0.66,0.32,09/12/2020 16:45:37,Open
1181,6789,Which party will win the 2020 House race in Iowa's 2nd District?,https://www.predictit.org/markets/detail/6789/Which-party-will-win-the-2020-House-race-in-Iowa's-2nd-District,23208,Democratic,0.68,0.34,0.66,0.32,09/12/2020 16:48:03,Open
1182,6789,Which party will win the 2020 House race in Iowa's 2nd District?,https://www.predictit.org/markets/detail/6789/Which-party-will-win-the-2020-House-race-in-Iowa's-2nd-District,23208,Democratic,0.68,0.34,0.66,0.32,09/12/2020 16:50:31,Open
1183,6789,Which party will win the 2020 House race in Iowa's 2nd District?,https://www.predictit.org/markets/detail/6789/Which-party-will-win-the-2020-House-race-in-Iowa's-2nd-District,23208,Democratic,0.68,0.34,0.66,0.32,09/12/2020 16:53:03,Open
1184,6789,Which party will win the 2020 House race in Iowa's 2nd District?,https://www.predictit.org/markets/detail/6789/Which-party-will-win-the-2020-House-race-in-Iowa's-2nd-District,23208,Democratic,0.68,0.34,0.66,0.32,09/12/2020 16:55:31,Open
1185,6789,Which party will win the 2020 House race in Iowa's 2nd District?,https://www.predictit.org/markets/detail/6789/Which-party-will-win-the-2020-House-race-in-Iowa's-2nd-District,23208,Democratic,0.68,0.34,0.66,0.32,09/12/2020 16:58:02,Open
1186,6789,Which party will win the 2020 House race in Iowa's 2nd District?,https://www.predictit.org/markets/detail/6789/Which-party-will-win-the-2020-House-race-in-Iowa's-2nd-District,23208,Democratic,0.68,0.34,0.66,0.32,09/12/2020 17:00:28,Open
1187,6789,Which party will win the 2020 House race in Iowa's 2nd District?,https://www.predictit.org/markets/detail/6789/Which-party-will-win-the-2020-House-race-in-Iowa's-2nd-District,23208,Democratic,0.68,0.34,0.66,0.32,09/12/2020 17:03:00,Open
1188,6789,Which party will win the 2020 House race in Iowa's 2nd District?,https://www.predictit.org/markets/detail/6789/Which-party-will-win-the-2020-House-race-in-Iowa's-2nd-District,23208,Democratic,0.68,0.34,0.66,0.32,09/12/2020 17:05:27,Open
1189,6789,Which party will win the 2020 House race in Iowa's 2nd District?,https://www.predictit.org/markets/detail/6789/Which-party-will-win-the-2020-House-race-in-Iowa's-2nd-District,23208,Democratic,0.68,0.34,0.66,0.32,09/12/2020 17:07:56,Open
1190,6789,Which party will win the 2020 House race in Iowa's 2nd District?,https://www.predictit.org/markets/detail/6789/Which-party-will-win-the-2020-House-race-in-Iowa's-2nd-District,23208,Democratic,0.68,0.34,0.66,0.32,09/12/2020 17:10:25,Open
1191,6789,Which party will win the 2020 House race in Iowa's 2nd District?,https://www.predictit.org/markets/detail/6789/Which-party-will-win-the-2020-House-race-in-Iowa's-2nd-District,23208,Democratic,0.68,0.34,0.66,0.32,09/12/2020 17:12:58,Open
1192,6789,Which party will win the 2020 House race in Iowa's 2nd District?,https://www.predictit.org/markets/detail/6789/Which-party-will-win-the-2020-House-race-in-Iowa's-2nd-District,23208,Democratic,0.68,0.34,0.66,0.32,09/12/2020 17:15:31,Open
1193,6789,Which party will win the 2020 House race in Iowa's 2nd District?,https://www.predictit.org/markets/detail/6789/Which-party-will-win-the-2020-House-race-in-Iowa's-2nd-District,23208,Democratic,0.68,0.34,0.66,0.32,09/12/2020 17:18:02,Open
1194,6789,Which party will win the 2020 House race in Iowa's 2nd District?,https://www.predictit.org/markets/detail/6789/Which-party-will-win-the-2020-House-race-in-Iowa's-2nd-District,23208,Democratic,0.68,0.34,0.66,0.32,09/12/2020 17:20:31,Open
1195,6789,Which party will win the 2020 House race in Iowa's 2nd District?,https://www.predictit.org/markets/detail/6789/Which-party-will-win-the-2020-House-race-in-Iowa's-2nd-District,23208,Democratic,0.68,0.34,0.66,0.32,09/12/2020 17:23:05,Open
1196,6789,Which party will win the 2020 House race in Iowa's 2nd District?,https://www.predictit.org/markets/detail/6789/Which-party-will-win-the-2020-House-race-in-Iowa's-2nd-District,23208,Democratic,0.68,0.34,0.66,0.32,09/12/2020 17:25:39,Open
1197,6789,Which party will win the 2020 House race in Iowa's 2nd District?,https://www.predictit.org/markets/detail/6789/Which-party-will-win-the-2020-House-race-in-Iowa's-2nd-District,23208,Democratic,0.68,0.34,0.66,0.32,09/12/2020 17:28:11,Open
1198,6789,Which party will win the 2020 House race in Iowa's 2nd District?,https://www.predictit.org/markets/detail/6789/Which-party-will-win-the-2020-House-race-in-Iowa's-2nd-District,23208,Democratic,0.68,0.34,0.66,0.32,09/12/2020 17:30:41,Open
1199,6789,Which party will win the 2020 House race in Iowa's 2nd District?,https://www.predictit.org/markets/detail/6789/Which-party-will-win-the-2020-House-race-in-Iowa's-2nd-District,23208,Democratic,0.68,0.34,0.66,0.32,09/12/2020 17:33:12,Open
1200,6789,Which party will win the 2020 House race in Iowa's 2nd District?,https://www.predictit.org/markets/detail/6789/Which-party-will-win-the-2020-House-race-in-Iowa's-2nd-District,23208,Democratic,0.68,0.34,0.66,0.32,09/12/2020 17:35:45,Open
1201,6789,Which party will win the 2020 House race in Iowa's 2nd District?,https://www.predictit.org/markets/detail/6789/Which-party-will-win-the-2020-House-race-in-Iowa's-2nd-District,23208,Democratic,0.68,0.34,0.66,0.32,09/12/2020 17:38:14,Open
1202,6789,Which party will win the 2020 House race in Iowa's 2nd District?,https://www.predictit.org/markets/detail/6789/Which-party-will-win-the-2020-House-race-in-Iowa's-2nd-District,23208,Democratic,0.68,0.34,0.66,0.32,09/12/2020 17:40:48,Open
1203,6789,Which party will win the 2020 House race in Iowa's 2nd District?,https://www.predictit.org/markets/detail/6789/Which-party-will-win-the-2020-House-race-in-Iowa's-2nd-District,23208,Democratic,0.68,0.34,0.66,0.32,09/12/2020 17:43:21,Open
1204,6789,Which party will win the 2020 House race in Iowa's 2nd District?,https://www.predictit.org/markets/detail/6789/Which-party-will-win-the-2020-House-race-in-Iowa's-2nd-District,23208,Democratic,0.68,0.34,0.66,0.32,09/12/2020 17:45:52,Open
1205,6789,Which party will win the 2020 House race in Iowa's 2nd District?,https://www.predictit.org/markets/detail/6789/Which-party-will-win-the-2020-House-race-in-Iowa's-2nd-District,23208,Democratic,0.68,0.34,0.66,0.32,09/12/2020 17:48:22,Open
1206,6789,Which party will win the 2020 House race in Iowa's 2nd District?,https://www.predictit.org/markets/detail/6789/Which-party-will-win-the-2020-House-race-in-Iowa's-2nd-District,23208,Democratic,0.68,0.34,0.66,0.32,09/12/2020 17:50:54,Open
1207,6789,Which party will win the 2020 House race in Iowa's 2nd District?,https://www.predictit.org/markets/detail/6789/Which-party-will-win-the-2020-House-race-in-Iowa's-2nd-District,23208,Democratic,0.68,0.34,0.66,0.32,09/12/2020 17:53:26,Open
1208,6789,Which party will win the 2020 House race in Iowa's 2nd District?,https://www.predictit.org/markets/detail/6789/Which-party-will-win-the-2020-House-race-in-Iowa's-2nd-District,23208,Democratic,0.68,0.34,0.66,0.32,09/12/2020 17:55:56,Open
1209,6789,Which party will win the 2020 House race in Iowa's 2nd District?,https://www.predictit.org/markets/detail/6789/Which-party-will-win-the-2020-House-race-in-Iowa's-2nd-District,23208,Democratic,0.68,0.34,0.66,0.32,09/12/2020 17:58:25,Open
1210,6789,Which party will win the 2020 House race in Iowa's 2nd District?,https://www.predictit.org/markets/detail/6789/Which-party-will-win-the-2020-House-race-in-Iowa's-2nd-District,23208,Democratic,0.68,0.34,0.66,0.32,09/12/2020 18:00:57,Open
1211,6789,Which party will win the 2020 House race in Iowa's 2nd District?,https://www.predictit.org/markets/detail/6789/Which-party-will-win-the-2020-House-race-in-Iowa's-2nd-District,23208,Democratic,0.68,0.34,0.66,0.32,09/12/2020 18:03:27,Open
1212,6789,Which party will win the 2020 House race in Iowa's 2nd District?,https://www.predictit.org/markets/detail/6789/Which-party-will-win-the-2020-House-race-in-Iowa's-2nd-District,23208,Democratic,0.68,0.34,0.66,0.32,09/12/2020 18:05:58,Open
1213,6789,Which party will win the 2020 House race in Iowa's 2nd District?,https://www.predictit.org/markets/detail/6789/Which-party-will-win-the-2020-House-race-in-Iowa's-2nd-District,23208,Democratic,0.67,0.34,0.66,0.33,09/13/2020 16:06:25,Open
1214,6789,Which party will win the 2020 House race in Iowa's 2nd District?,https://www.predictit.org/markets/detail/6789/Which-party-will-win-the-2020-House-race-in-Iowa's-2nd-District,23208,Democratic,0.67,0.34,0.66,0.33,09/13/2020 16:08:07,Open
1215,6789,Which party will win the 2020 House race in Iowa's 2nd District?,https://www.predictit.org/markets/detail/6789/Which-party-will-win-the-2020-House-race-in-Iowa's-2nd-District,23208,Democratic,0.67,0.34,0.66,0.33,09/13/2020 16:10:27,Open
1216,6789,Which party will win the 2020 House race in Iowa's 2nd District?,https://www.predictit.org/markets/detail/6789/Which-party-will-win-the-2020-House-race-in-Iowa's-2nd-District,23208,Democratic,0.67,0.34,0.66,0.33,09/13/2020 16:13:10,Open
1217,6789,Which party will win the 2020 House race in Iowa's 2nd District?,https://www.predictit.org/markets/detail/6789/Which-party-will-win-the-2020-House-race-in-Iowa's-2nd-District,23208,Democratic,0.67,0.34,0.66,0.33,09/13/2020 16:15:46,Open
1218,6789,Which party will win the 2020 House race in Iowa's 2nd District?,https://www.predictit.org/markets/detail/6789/Which-party-will-win-the-2020-House-race-in-Iowa's-2nd-District,23208,Democratic,0.67,0.34,0.66,0.33,09/13/2020 16:18:19,Open
1219,6789,Which party will win the 2020 House race in Iowa's 2nd District?,https://www.predictit.org/markets/detail/6789/Which-party-will-win-the-2020-House-race-in-Iowa's-2nd-District,23208,Democratic,0.67,0.34,0.66,0.33,09/13/2020 16:20:50,Open
1220,6789,Which party will win the 2020 House race in Iowa's 2nd District?,https://www.predictit.org/markets/detail/6789/Which-party-will-win-the-2020-House-race-in-Iowa's-2nd-District,23208,Democratic,0.67,0.34,0.66,0.33,09/13/2020 16:23:20,Open
1221,6789,Which party will win the 2020 House race in Iowa's 2nd District?,https://www.predictit.org/markets/detail/6789/Which-party-will-win-the-2020-House-race-in-Iowa's-2nd-District,23208,Democratic,0.67,0.34,0.66,0.33,09/13/2020 16:25:52,Open
1222,6789,Which party will win the 2020 House race in Iowa's 2nd District?,https://www.predictit.org/markets/detail/6789/Which-party-will-win-the-2020-House-race-in-Iowa's-2nd-District,23208,Democratic,0.67,0.34,0.66,0.33,09/13/2020 16:28:24,Open
1223,6789,Which party will win the 2020 House race in Iowa's 2nd District?,https://www.predictit.org/markets/detail/6789/Which-party-will-win-the-2020-House-race-in-Iowa's-2nd-District,23208,Democratic,0.67,0.34,0.66,0.33,09/13/2020 16:30:55,Open
1224,6789,Which party will win the 2020 House race in Iowa's 2nd District?,https://www.predictit.org/markets/detail/6789/Which-party-will-win-the-2020-House-race-in-Iowa's-2nd-District,23208,Democratic,0.67,0.34,0.66,0.33,09/13/2020 16:33:26,Open
1225,6789,Which party will win the 2020 House race in Iowa's 2nd District?,https://www.predictit.org/markets/detail/6789/Which-party-will-win-the-2020-House-race-in-Iowa's-2nd-District,23208,Democratic,0.67,0.34,0.66,0.33,09/13/2020 16:35:58,Open
1226,6789,Which party will win the 2020 House race in Iowa's 2nd District?,https://www.predictit.org/markets/detail/6789/Which-party-will-win-the-2020-House-race-in-Iowa's-2nd-District,23208,Democratic,0.67,0.34,0.66,0.33,09/13/2020 16:38:30,Open
1227,6789,Which party will win the 2020 House race in Iowa's 2nd District?,https://www.predictit.org/markets/detail/6789/Which-party-will-win-the-2020-House-race-in-Iowa's-2nd-District,23208,Democratic,0.67,0.34,0.66,0.33,09/13/2020 16:40:59,Open
1228,6789,Which party will win the 2020 House race in Iowa's 2nd District?,https://www.predictit.org/markets/detail/6789/Which-party-will-win-the-2020-House-race-in-Iowa's-2nd-District,23208,Democratic,0.67,0.34,0.66,0.33,09/13/2020 16:43:33,Open
1229,6789,Which party will win the 2020 House race in Iowa's 2nd District?,https://www.predictit.org/markets/detail/6789/Which-party-will-win-the-2020-House-race-in-Iowa's-2nd-District,23208,Democratic,0.67,0.34,0.66,0.33,09/13/2020 16:46:07,Open
1230,6789,Which party will win the 2020 House race in Iowa's 2nd District?,https://www.predictit.org/markets/detail/6789/Which-party-will-win-the-2020-House-race-in-Iowa's-2nd-District,23208,Democratic,0.67,0.34,0.66,0.33,09/13/2020 16:48:40,Open
1231,6789,Which party will win the 2020 House race in Iowa's 2nd District?,https://www.predictit.org/markets/detail/6789/Which-party-will-win-the-2020-House-race-in-Iowa's-2nd-District,23208,Democratic,0.67,0.34,0.66,0.33,09/13/2020 16:51:12,Open
1232,6789,Which party will win the 2020 House race in Iowa's 2nd District?,https://www.predictit.org/markets/detail/6789/Which-party-will-win-the-2020-House-race-in-Iowa's-2nd-District,23208,Democratic,0.67,0.34,0.66,0.33,09/13/2020 16:53:42,Open
1233,6789,Which party will win the 2020 House race in Iowa's 2nd District?,https://www.predictit.org/markets/detail/6789/Which-party-will-win-the-2020-House-race-in-Iowa's-2nd-District,23208,Democratic,0.67,0.34,0.66,0.33,09/13/2020 16:56:17,Open
1234,6789,Which party will win the 2020 House race in Iowa's 2nd District?,https://www.predictit.org/markets/detail/6789/Which-party-will-win-the-2020-House-race-in-Iowa's-2nd-District,23208,Democratic,0.67,0.34,0.66,0.33,09/13/2020 16:58:49,Open
1235,6789,Which party will win the 2020 House race in Iowa's 2nd District?,https://www.predictit.org/markets/detail/6789/Which-party-will-win-the-2020-House-race-in-Iowa's-2nd-District,23208,Democratic,0.67,0.34,0.66,0.33,09/13/2020 17:01:22,Open
1236,6789,Which party will win the 2020 House race in Iowa's 2nd District?,https://www.predictit.org/markets/detail/6789/Which-party-will-win-the-2020-House-race-in-Iowa's-2nd-District,23208,Democratic,0.67,0.34,0.66,0.33,09/13/2020 17:03:55,Open
1237,6789,Which party will win the 2020 House race in Iowa's 2nd District?,https://www.predictit.org/markets/detail/6789/Which-party-will-win-the-2020-House-race-in-Iowa's-2nd-District,23208,Democratic,0.67,0.34,0.66,0.33,09/13/2020 17:06:28,Open
1238,6789,Which party will win the 2020 House race in Iowa's 2nd District?,https://www.predictit.org/markets/detail/6789/Which-party-will-win-the-2020-House-race-in-Iowa's-2nd-District,23208,Democratic,0.67,0.34,0.66,0.33,09/13/2020 17:08:58,Open
1239,6789,Which party will win the 2020 House race in Iowa's 2nd District?,https://www.predictit.org/markets/detail/6789/Which-party-will-win-the-2020-House-race-in-Iowa's-2nd-District,23208,Democratic,0.67,0.34,0.66,0.33,09/13/2020 17:11:29,Open
1240,6789,Which party will win the 2020 House race in Iowa's 2nd District?,https://www.predictit.org/markets/detail/6789/Which-party-will-win-the-2020-House-race-in-Iowa's-2nd-District,23208,Democratic,0.67,0.34,0.66,0.33,09/13/2020 17:14:01,Open
1241,6789,Which party will win the 2020 House race in Iowa's 2nd District?,https://www.predictit.org/markets/detail/6789/Which-party-will-win-the-2020-House-race-in-Iowa's-2nd-District,23208,Democratic,0.67,0.34,0.66,0.33,09/13/2020 17:16:36,Open
1242,6789,Which party will win the 2020 House race in Iowa's 2nd District?,https://www.predictit.org/markets/detail/6789/Which-party-will-win-the-2020-House-race-in-Iowa's-2nd-District,23208,Democratic,0.67,0.34,0.66,0.33,09/13/2020 17:19:07,Open
1243,6789,Which party will win the 2020 House race in Iowa's 2nd District?,https://www.predictit.org/markets/detail/6789/Which-party-will-win-the-2020-House-race-in-Iowa's-2nd-District,23208,Democratic,0.67,0.34,0.66,0.33,09/13/2020 17:21:40,Open
1244,6789,Which party will win the 2020 House race in Iowa's 2nd District?,https://www.predictit.org/markets/detail/6789/Which-party-will-win-the-2020-House-race-in-Iowa's-2nd-District,23208,Democratic,0.67,0.34,0.66,0.33,09/13/2020 17:24:12,Open
1245,6789,Which party will win the 2020 House race in Iowa's 2nd District?,https://www.predictit.org/markets/detail/6789/Which-party-will-win-the-2020-House-race-in-Iowa's-2nd-District,23208,Democratic,0.67,0.34,0.66,0.33,09/13/2020 17:26:49,Open
1246,6789,Which party will win the 2020 House race in Iowa's 2nd District?,https://www.predictit.org/markets/detail/6789/Which-party-will-win-the-2020-House-race-in-Iowa's-2nd-District,23208,Democratic,0.67,0.34,0.66,0.33,09/13/2020 17:29:21,Open
1247,6789,Which party will win the 2020 House race in Iowa's 2nd District?,https://www.predictit.org/markets/detail/6789/Which-party-will-win-the-2020-House-race-in-Iowa's-2nd-District,23208,Democratic,0.67,0.34,0.66,0.33,09/13/2020 17:31:55,Open
1248,6789,Which party will win the 2020 House race in Iowa's 2nd District?,https://www.predictit.org/markets/detail/6789/Which-party-will-win-the-2020-House-race-in-Iowa's-2nd-District,23208,Democratic,0.67,0.34,0.66,0.33,09/13/2020 17:34:26,Open
1249,6789,Which party will win the 2020 House race in Iowa's 2nd District?,https://www.predictit.org/markets/detail/6789/Which-party-will-win-the-2020-House-race-in-Iowa's-2nd-District,23208,Democratic,0.67,0.34,0.66,0.33,09/13/2020 17:37:00,Open
1250,6789,Which party will win the 2020 House race in Iowa's 2nd District?,https://www.predictit.org/markets/detail/6789/Which-party-will-win-the-2020-House-race-in-Iowa's-2nd-District,23208,Democratic,0.67,0.34,0.66,0.33,09/13/2020 17:39:33,Open
1251,6789,Which party will win the 2020 House race in Iowa's 2nd District?,https://www.predictit.org/markets/detail/6789/Which-party-will-win-the-2020-House-race-in-Iowa's-2nd-District,23208,Democratic,0.67,0.34,0.66,0.33,09/13/2020 17:42:04,Open
1252,6789,Which party will win the 2020 House race in Iowa's 2nd District?,https://www.predictit.org/markets/detail/6789/Which-party-will-win-the-2020-House-race-in-Iowa's-2nd-District,23208,Democratic,0.67,0.34,0.66,0.33,09/13/2020 17:44:37,Open
1253,6789,Which party will win the 2020 House race in Iowa's 2nd District?,https://www.predictit.org/markets/detail/6789/Which-party-will-win-the-2020-House-race-in-Iowa's-2nd-District,23208,Democratic,0.67,0.34,0.66,0.33,09/13/2020 17:47:10,Open
1254,6789,Which party will win the 2020 House race in Iowa's 2nd District?,https://www.predictit.org/markets/detail/6789/Which-party-will-win-the-2020-House-race-in-Iowa's-2nd-District,23208,Democratic,0.67,0.34,0.66,0.33,09/13/2020 17:49:45,Open
1255,6789,Which party will win the 2020 House race in Iowa's 2nd District?,https://www.predictit.org/markets/detail/6789/Which-party-will-win-the-2020-House-race-in-Iowa's-2nd-District,23208,Democratic,0.67,0.34,0.66,0.33,09/13/2020 17:52:17,Open
1256,6789,Which party will win the 2020 House race in Iowa's 2nd District?,https://www.predictit.org/markets/detail/6789/Which-party-will-win-the-2020-House-race-in-Iowa's-2nd-District,23208,Democratic,0.67,0.34,0.66,0.33,09/13/2020 17:54:51,Open
1257,6789,Which party will win the 2020 House race in Iowa's 2nd District?,https://www.predictit.org/markets/detail/6789/Which-party-will-win-the-2020-House-race-in-Iowa's-2nd-District,23208,Democratic,0.67,0.34,0.66,0.33,09/13/2020 17:57:24,Open
1258,6789,Which party will win the 2020 House race in Iowa's 2nd District?,https://www.predictit.org/markets/detail/6789/Which-party-will-win-the-2020-House-race-in-Iowa's-2nd-District,23208,Democratic,0.67,0.34,0.66,0.33,09/13/2020 17:59:58,Open
1259,6789,Which party will win the 2020 House race in Iowa's 2nd District?,https://www.predictit.org/markets/detail/6789/Which-party-will-win-the-2020-House-race-in-Iowa's-2nd-District,23208,Democratic,0.67,0.34,0.66,0.33,09/13/2020 18:02:31,Open
1260,6789,Which party will win the 2020 House race in Iowa's 2nd District?,https://www.predictit.org/markets/detail/6789/Which-party-will-win-the-2020-House-race-in-Iowa's-2nd-District,23208,Democratic,0.67,0.34,0.66,0.33,09/13/2020 18:05:05,Open
1261,6789,Which party will win the 2020 House race in Iowa's 2nd District?,https://www.predictit.org/markets/detail/6789/Which-party-will-win-the-2020-House-race-in-Iowa's-2nd-District,23208,Democratic,0.67,0.34,0.66,0.33,09/13/2020 18:07:39,Open
1262,6789,Which party will win the 2020 House race in Iowa's 2nd District?,https://www.predictit.org/markets/detail/6789/Which-party-will-win-the-2020-House-race-in-Iowa's-2nd-District,23208,Democratic,0.67,0.34,0.66,0.33,09/13/2020 18:10:12,Open
1263,6789,Which party will win the 2020 House race in Iowa's 2nd District?,https://www.predictit.org/markets/detail/6789/Which-party-will-win-the-2020-House-race-in-Iowa's-2nd-District,23208,Democratic,0.67,0.34,0.66,0.33,09/13/2020 18:12:44,Open
1264,6789,Which party will win the 2020 House race in Iowa's 2nd District?,https://www.predictit.org/markets/detail/6789/Which-party-will-win-the-2020-House-race-in-Iowa's-2nd-District,23208,Democratic,0.67,0.34,0.66,0.33,09/13/2020 18:15:19,Open
1265,6789,Which party will win the 2020 House race in Iowa's 2nd District?,https://www.predictit.org/markets/detail/6789/Which-party-will-win-the-2020-House-race-in-Iowa's-2nd-District,23208,Democratic,0.67,0.34,0.66,0.33,09/13/2020 18:17:53,Open
1266,6789,Which party will win the 2020 House race in Iowa's 2nd District?,https://www.predictit.org/markets/detail/6789/Which-party-will-win-the-2020-House-race-in-Iowa's-2nd-District,23208,Democratic,0.67,0.34,0.66,0.33,09/13/2020 18:20:28,Open
1267,6789,Which party will win the 2020 House race in Iowa's 2nd District?,https://www.predictit.org/markets/detail/6789/Which-party-will-win-the-2020-House-race-in-Iowa's-2nd-District,23208,Democratic,0.67,0.34,0.66,0.33,09/13/2020 18:23:06,Open
1268,6789,Which party will win the 2020 House race in Iowa's 2nd District?,https://www.predictit.org/markets/detail/6789/Which-party-will-win-the-2020-House-race-in-Iowa's-2nd-District,23208,Democratic,0.67,0.34,0.66,0.33,09/13/2020 18:25:40,Open
1269,6789,Which party will win the 2020 House race in Iowa's 2nd District?,https://www.predictit.org/markets/detail/6789/Which-party-will-win-the-2020-House-race-in-Iowa's-2nd-District,23208,Democratic,0.67,0.34,0.66,0.33,09/13/2020 18:28:18,Open
1270,6789,Which party will win the 2020 House race in Iowa's 2nd District?,https://www.predictit.org/markets/detail/6789/Which-party-will-win-the-2020-House-race-in-Iowa's-2nd-District,23208,Democratic,0.67,0.34,0.66,0.33,09/13/2020 18:30:52,Open
1271,6789,Which party will win the 2020 House race in Iowa's 2nd District?,https://www.predictit.org/markets/detail/6789/Which-party-will-win-the-2020-House-race-in-Iowa's-2nd-District,23208,Democratic,0.67,0.34,0.66,0.33,09/13/2020 18:33:29,Open
1272,6789,Which party will win the 2020 House race in Iowa's 2nd District?,https://www.predictit.org/markets/detail/6789/Which-party-will-win-the-2020-House-race-in-Iowa's-2nd-District,23208,Democratic,0.67,0.34,0.66,0.33,09/13/2020 18:36:07,Open
1273,6789,Which party will win the 2020 House race in Iowa's 2nd District?,https://www.predictit.org/markets/detail/6789/Which-party-will-win-the-2020-House-race-in-Iowa's-2nd-District,23208,Democratic,0.67,0.34,0.66,0.33,09/13/2020 18:38:45,Open
1274,6789,Which party will win the 2020 House race in Iowa's 2nd District?,https://www.predictit.org/markets/detail/6789/Which-party-will-win-the-2020-House-race-in-Iowa's-2nd-District,23208,Democratic,0.67,0.34,0.66,0.33,09/13/2020 18:41:18,Open
1275,6789,Which party will win the 2020 House race in Iowa's 2nd District?,https://www.predictit.org/markets/detail/6789/Which-party-will-win-the-2020-House-race-in-Iowa's-2nd-District,23208,Democratic,0.67,0.34,0.66,0.33,09/13/2020 18:43:54,Open
1276,6789,Which party will win the 2020 House race in Iowa's 2nd District?,https://www.predictit.org/markets/detail/6789/Which-party-will-win-the-2020-House-race-in-Iowa's-2nd-District,23208,Democratic,0.67,0.34,0.66,0.33,09/13/2020 18:46:31,Open
1277,6789,Which party will win the 2020 House race in Iowa's 2nd District?,https://www.predictit.org/markets/detail/6789/Which-party-will-win-the-2020-House-race-in-Iowa's-2nd-District,23208,Democratic,0.67,0.34,0.66,0.33,09/13/2020 18:49:12,Open
1278,6789,Which party will win the 2020 House race in Iowa's 2nd District?,https://www.predictit.org/markets/detail/6789/Which-party-will-win-the-2020-House-race-in-Iowa's-2nd-District,23208,Democratic,0.67,0.34,0.66,0.33,09/13/2020 18:51:51,Open
1279,6789,Which party will win the 2020 House race in Iowa's 2nd District?,https://www.predictit.org/markets/detail/6789/Which-party-will-win-the-2020-House-race-in-Iowa's-2nd-District,23208,Democratic,0.67,0.34,0.66,0.33,09/13/2020 18:54:27,Open
1280,6789,Which party will win the 2020 House race in Iowa's 2nd District?,https://www.predictit.org/markets/detail/6789/Which-party-will-win-the-2020-House-race-in-Iowa's-2nd-District,23208,Democratic,0.67,0.34,0.66,0.33,09/13/2020 18:57:02,Open
1281,6789,Which party will win the 2020 House race in Iowa's 2nd District?,https://www.predictit.org/markets/detail/6789/Which-party-will-win-the-2020-House-race-in-Iowa's-2nd-District,23208,Democratic,0.67,0.34,0.66,0.33,09/13/2020 18:59:44,Open
1282,6789,Which party will win the 2020 House race in Iowa's 2nd District?,https://www.predictit.org/markets/detail/6789/Which-party-will-win-the-2020-House-race-in-Iowa's-2nd-District,23208,Democratic,0.67,0.34,0.66,0.33,09/13/2020 19:02:19,Open
1283,6789,Which party will win the 2020 House race in Iowa's 2nd District?,https://www.predictit.org/markets/detail/6789/Which-party-will-win-the-2020-House-race-in-Iowa's-2nd-District,23208,Democratic,0.67,0.34,0.66,0.33,09/13/2020 19:04:53,Open
1284,6789,Which party will win the 2020 House race in Iowa's 2nd District?,https://www.predictit.org/markets/detail/6789/Which-party-will-win-the-2020-House-race-in-Iowa's-2nd-District,23208,Democratic,0.67,0.34,0.66,0.33,09/13/2020 19:07:29,Open
1285,6789,Which party will win the 2020 House race in Iowa's 2nd District?,https://www.predictit.org/markets/detail/6789/Which-party-will-win-the-2020-House-race-in-Iowa's-2nd-District,23208,Democratic,0.67,0.34,0.66,0.33,09/13/2020 19:10:04,Open
1286,6789,Which party will win the 2020 House race in Iowa's 2nd District?,https://www.predictit.org/markets/detail/6789/Which-party-will-win-the-2020-House-race-in-Iowa's-2nd-District,23208,Democratic,0.67,0.34,0.66,0.33,09/13/2020 19:12:40,Open
1287,6789,Which party will win the 2020 House race in Iowa's 2nd District?,https://www.predictit.org/markets/detail/6789/Which-party-will-win-the-2020-House-race-in-Iowa's-2nd-District,23208,Democratic,0.67,0.34,0.66,0.33,09/13/2020 19:15:14,Open
1288,6789,Which party will win the 2020 House race in Iowa's 2nd District?,https://www.predictit.org/markets/detail/6789/Which-party-will-win-the-2020-House-race-in-Iowa's-2nd-District,23208,Democratic,0.67,0.34,0.66,0.33,09/13/2020 19:17:49,Open
1289,6789,Which party will win the 2020 House race in Iowa's 2nd District?,https://www.predictit.org/markets/detail/6789/Which-party-will-win-the-2020-House-race-in-Iowa's-2nd-District,23208,Democratic,0.67,0.34,0.66,0.33,09/13/2020 19:20:26,Open
1290,6789,Which party will win the 2020 House race in Iowa's 2nd District?,https://www.predictit.org/markets/detail/6789/Which-party-will-win-the-2020-House-race-in-Iowa's-2nd-District,23208,Democratic,0.67,0.34,0.66,0.33,09/13/2020 19:22:59,Open
1291,6789,Which party will win the 2020 House race in Iowa's 2nd District?,https://www.predictit.org/markets/detail/6789/Which-party-will-win-the-2020-House-race-in-Iowa's-2nd-District,23208,Democratic,0.67,0.34,0.66,0.33,09/13/2020 19:25:34,Open
1292,6789,Which party will win the 2020 House race in Iowa's 2nd District?,https://www.predictit.org/markets/detail/6789/Which-party-will-win-the-2020-House-race-in-Iowa's-2nd-District,23208,Democratic,0.67,0.34,0.66,0.33,09/13/2020 19:28:10,Open
1293,6789,Which party will win the 2020 House race in Iowa's 2nd District?,https://www.predictit.org/markets/detail/6789/Which-party-will-win-the-2020-House-race-in-Iowa's-2nd-District,23208,Democratic,0.67,0.34,0.66,0.33,09/13/2020 19:30:42,Open
1294,6789,Which party will win the 2020 House race in Iowa's 2nd District?,https://www.predictit.org/markets/detail/6789/Which-party-will-win-the-2020-House-race-in-Iowa's-2nd-District,23208,Democratic,0.67,0.34,0.66,0.33,09/13/2020 19:33:17,Open
1295,6789,Which party will win the 2020 House race in Iowa's 2nd District?,https://www.predictit.org/markets/detail/6789/Which-party-will-win-the-2020-House-race-in-Iowa's-2nd-District,23208,Democratic,0.67,0.34,0.66,0.33,09/13/2020 19:35:50,Open
1296,6789,Which party will win the 2020 House race in Iowa's 2nd District?,https://www.predictit.org/markets/detail/6789/Which-party-will-win-the-2020-House-race-in-Iowa's-2nd-District,23208,Democratic,0.67,0.34,0.66,0.33,09/13/2020 19:38:26,Open
1297,6789,Which party will win the 2020 House race in Iowa's 2nd District?,https://www.predictit.org/markets/detail/6789/Which-party-will-win-the-2020-House-race-in-Iowa's-2nd-District,23208,Democratic,0.67,0.34,0.66,0.33,09/13/2020 19:40:59,Open
1298,6789,Which party will win the 2020 House race in Iowa's 2nd District?,https://www.predictit.org/markets/detail/6789/Which-party-will-win-the-2020-House-race-in-Iowa's-2nd-District,23208,Democratic,0.67,0.34,0.66,0.33,09/13/2020 19:43:34,Open
1299,6789,Which party will win the 2020 House race in Iowa's 2nd District?,https://www.predictit.org/markets/detail/6789/Which-party-will-win-the-2020-House-race-in-Iowa's-2nd-District,23208,Democratic,0.67,0.34,0.66,0.33,09/13/2020 19:46:09,Open
1300,6789,Which party will win the 2020 House race in Iowa's 2nd District?,https://www.predictit.org/markets/detail/6789/Which-party-will-win-the-2020-House-race-in-Iowa's-2nd-District,23208,Democratic,0.67,0.34,0.66,0.33,09/13/2020 19:48:47,Open
1301,6789,Which party will win the 2020 House race in Iowa's 2nd District?,https://www.predictit.org/markets/detail/6789/Which-party-will-win-the-2020-House-race-in-Iowa's-2nd-District,23208,Democratic,0.67,0.34,0.66,0.33,09/13/2020 19:51:22,Open
1302,6789,Which party will win the 2020 House race in Iowa's 2nd District?,https://www.predictit.org/markets/detail/6789/Which-party-will-win-the-2020-House-race-in-Iowa's-2nd-District,23208,Democratic,0.67,0.34,0.66,0.33,09/13/2020 19:53:57,Open
1303,6789,Which party will win the 2020 House race in Iowa's 2nd District?,https://www.predictit.org/markets/detail/6789/Which-party-will-win-the-2020-House-race-in-Iowa's-2nd-District,23208,Democratic,0.67,0.34,0.66,0.33,09/13/2020 19:56:30,Open
1304,6789,Which party will win the 2020 House race in Iowa's 2nd District?,https://www.predictit.org/markets/detail/6789/Which-party-will-win-the-2020-House-race-in-Iowa's-2nd-District,23208,Democratic,0.67,0.34,0.66,0.33,09/13/2020 19:59:08,Open
1305,6789,Which party will win the 2020 House race in Iowa's 2nd District?,https://www.predictit.org/markets/detail/6789/Which-party-will-win-the-2020-House-race-in-Iowa's-2nd-District,23208,Democratic,0.67,0.34,0.66,0.33,09/13/2020 20:01:42,Open
1306,6789,Which party will win the 2020 House race in Iowa's 2nd District?,https://www.predictit.org/markets/detail/6789/Which-party-will-win-the-2020-House-race-in-Iowa's-2nd-District,23208,Democratic,0.67,0.34,0.66,0.33,09/13/2020 20:04:19,Open
1307,6789,Which party will win the 2020 House race in Iowa's 2nd District?,https://www.predictit.org/markets/detail/6789/Which-party-will-win-the-2020-House-race-in-Iowa's-2nd-District,23208,Democratic,0.67,0.34,0.66,0.33,09/13/2020 20:06:53,Open
1308,6789,Which party will win the 2020 House race in Iowa's 2nd District?,https://www.predictit.org/markets/detail/6789/Which-party-will-win-the-2020-House-race-in-Iowa's-2nd-District,23208,Democratic,0.67,0.34,0.66,0.33,09/13/2020 20:09:30,Open
1309,6789,Which party will win the 2020 House race in Iowa's 2nd District?,https://www.predictit.org/markets/detail/6789/Which-party-will-win-the-2020-House-race-in-Iowa's-2nd-District,23208,Democratic,0.67,0.34,0.66,0.33,09/13/2020 20:12:04,Open
1310,6789,Which party will win the 2020 House race in Iowa's 2nd District?,https://www.predictit.org/markets/detail/6789/Which-party-will-win-the-2020-House-race-in-Iowa's-2nd-District,23208,Democratic,0.67,0.34,0.66,0.33,09/13/2020 20:14:40,Open
1311,6789,Which party will win the 2020 House race in Iowa's 2nd District?,https://www.predictit.org/markets/detail/6789/Which-party-will-win-the-2020-House-race-in-Iowa's-2nd-District,23208,Democratic,0.67,0.34,0.66,0.33,09/13/2020 20:17:15,Open
1312,6789,Which party will win the 2020 House race in Iowa's 2nd District?,https://www.predictit.org/markets/detail/6789/Which-party-will-win-the-2020-House-race-in-Iowa's-2nd-District,23208,Democratic,0.67,0.34,0.66,0.33,09/13/2020 20:19:54,Open
1313,6789,Which party will win the 2020 House race in Iowa's 2nd District?,https://www.predictit.org/markets/detail/6789/Which-party-will-win-the-2020-House-race-in-Iowa's-2nd-District,23208,Democratic,0.67,0.34,0.66,0.33,09/13/2020 20:22:31,Open
1314,6789,Which party will win the 2020 House race in Iowa's 2nd District?,https://www.predictit.org/markets/detail/6789/Which-party-will-win-the-2020-House-race-in-Iowa's-2nd-District,23208,Democratic,0.67,0.34,0.66,0.33,09/13/2020 20:25:07,Open
1315,6789,Which party will win the 2020 House race in Iowa's 2nd District?,https://www.predictit.org/markets/detail/6789/Which-party-will-win-the-2020-House-race-in-Iowa's-2nd-District,23208,Democratic,0.67,0.34,0.66,0.33,09/13/2020 20:27:43,Open
1316,6789,Which party will win the 2020 House race in Iowa's 2nd District?,https://www.predictit.org/markets/detail/6789/Which-party-will-win-the-2020-House-race-in-Iowa's-2nd-District,23208,Democratic,0.67,0.34,0.66,0.33,09/13/2020 20:30:20,Open
1317,6789,Which party will win the 2020 House race in Iowa's 2nd District?,https://www.predictit.org/markets/detail/6789/Which-party-will-win-the-2020-House-race-in-Iowa's-2nd-District,23208,Democratic,0.67,0.34,0.66,0.33,09/13/2020 20:32:56,Open
1318,6789,Which party will win the 2020 House race in Iowa's 2nd District?,https://www.predictit.org/markets/detail/6789/Which-party-will-win-the-2020-House-race-in-Iowa's-2nd-District,23208,Democratic,0.67,0.34,0.66,0.33,09/13/2020 20:35:33,Open
1319,6789,Which party will win the 2020 House race in Iowa's 2nd District?,https://www.predictit.org/markets/detail/6789/Which-party-will-win-the-2020-House-race-in-Iowa's-2nd-District,23208,Democratic,0.67,0.34,0.66,0.33,09/13/2020 20:38:08,Open
1320,6789,Which party will win the 2020 House race in Iowa's 2nd District?,https://www.predictit.org/markets/detail/6789/Which-party-will-win-the-2020-House-race-in-Iowa's-2nd-District,23208,Democratic,0.67,0.34,0.66,0.33,09/13/2020 20:40:47,Open
1321,6789,Which party will win the 2020 House race in Iowa's 2nd District?,https://www.predictit.org/markets/detail/6789/Which-party-will-win-the-2020-House-race-in-Iowa's-2nd-District,23208,Democratic,0.67,0.34,0.66,0.33,09/13/2020 20:43:24,Open
1322,6789,Which party will win the 2020 House race in Iowa's 2nd District?,https://www.predictit.org/markets/detail/6789/Which-party-will-win-the-2020-House-race-in-Iowa's-2nd-District,23208,Democratic,0.67,0.34,0.66,0.33,09/13/2020 20:46:02,Open
1323,6789,Which party will win the 2020 House race in Iowa's 2nd District?,https://www.predictit.org/markets/detail/6789/Which-party-will-win-the-2020-House-race-in-Iowa's-2nd-District,23208,Democratic,0.67,0.34,0.66,0.33,09/13/2020 20:48:40,Open
1324,6789,Which party will win the 2020 House race in Iowa's 2nd District?,https://www.predictit.org/markets/detail/6789/Which-party-will-win-the-2020-House-race-in-Iowa's-2nd-District,23208,Democratic,0.67,0.34,0.66,0.33,09/13/2020 20:51:19,Open
1325,6789,Which party will win the 2020 House race in Iowa's 2nd District?,https://www.predictit.org/markets/detail/6789/Which-party-will-win-the-2020-House-race-in-Iowa's-2nd-District,23208,Democratic,0.67,0.34,0.66,0.33,09/13/2020 20:53:55,Open
1326,6789,Which party will win the 2020 House race in Iowa's 2nd District?,https://www.predictit.org/markets/detail/6789/Which-party-will-win-the-2020-House-race-in-Iowa's-2nd-District,23208,Democratic,0.67,0.34,0.66,0.33,09/13/2020 20:56:32,Open
1327,6789,Which party will win the 2020 House race in Iowa's 2nd District?,https://www.predictit.org/markets/detail/6789/Which-party-will-win-the-2020-House-race-in-Iowa's-2nd-District,23208,Democratic,0.67,0.34,0.66,0.33,09/13/2020 20:59:08,Open
1328,6789,Which party will win the 2020 House race in Iowa's 2nd District?,https://www.predictit.org/markets/detail/6789/Which-party-will-win-the-2020-House-race-in-Iowa's-2nd-District,23208,Democratic,0.67,0.34,0.66,0.33,09/13/2020 21:01:50,Open
1329,6789,Which party will win the 2020 House race in Iowa's 2nd District?,https://www.predictit.org/markets/detail/6789/Which-party-will-win-the-2020-House-race-in-Iowa's-2nd-District,23208,Democratic,0.67,0.34,0.66,0.33,09/13/2020 21:04:27,Open
1330,6789,Which party will win the 2020 House race in Iowa's 2nd District?,https://www.predictit.org/markets/detail/6789/Which-party-will-win-the-2020-House-race-in-Iowa's-2nd-District,23208,Democratic,0.67,0.34,0.66,0.33,09/13/2020 21:07:04,Open
1331,6789,Which party will win the 2020 House race in Iowa's 2nd District?,https://www.predictit.org/markets/detail/6789/Which-party-will-win-the-2020-House-race-in-Iowa's-2nd-District,23208,Democratic,0.67,0.34,0.66,0.33,09/13/2020 21:09:44,Open
1332,6789,Which party will win the 2020 House race in Iowa's 2nd District?,https://www.predictit.org/markets/detail/6789/Which-party-will-win-the-2020-House-race-in-Iowa's-2nd-District,23208,Democratic,0.67,0.34,0.66,0.33,09/13/2020 21:12:20,Open
1333,6789,Which party will win the 2020 House race in Iowa's 2nd District?,https://www.predictit.org/markets/detail/6789/Which-party-will-win-the-2020-House-race-in-Iowa's-2nd-District,23208,Democratic,0.67,0.34,0.66,0.33,09/13/2020 21:14:57,Open
1334,6789,Which party will win the 2020 House race in Iowa's 2nd District?,https://www.predictit.org/markets/detail/6789/Which-party-will-win-the-2020-House-race-in-Iowa's-2nd-District,23208,Democratic,0.67,0.34,0.66,0.33,09/13/2020 21:17:34,Open
1335,6789,Which party will win the 2020 House race in Iowa's 2nd District?,https://www.predictit.org/markets/detail/6789/Which-party-will-win-the-2020-House-race-in-Iowa's-2nd-District,23208,Democratic,0.67,0.34,0.66,0.33,09/13/2020 21:20:13,Open
1336,6789,Which party will win the 2020 House race in Iowa's 2nd District?,https://www.predictit.org/markets/detail/6789/Which-party-will-win-the-2020-House-race-in-Iowa's-2nd-District,23208,Democratic,0.67,0.34,0.66,0.33,09/13/2020 21:22:52,Open
1337,6789,Which party will win the 2020 House race in Iowa's 2nd District?,https://www.predictit.org/markets/detail/6789/Which-party-will-win-the-2020-House-race-in-Iowa's-2nd-District,23208,Democratic,0.67,0.34,0.66,0.33,09/13/2020 21:25:31,Open
1338,6789,Which party will win the 2020 House race in Iowa's 2nd District?,https://www.predictit.org/markets/detail/6789/Which-party-will-win-the-2020-House-race-in-Iowa's-2nd-District,23208,Democratic,0.67,0.34,0.66,0.33,09/13/2020 21:28:08,Open
1339,6789,Which party will win the 2020 House race in Iowa's 2nd District?,https://www.predictit.org/markets/detail/6789/Which-party-will-win-the-2020-House-race-in-Iowa's-2nd-District,23208,Democratic,0.67,0.34,0.66,0.33,09/13/2020 21:30:47,Open
1340,6789,Which party will win the 2020 House race in Iowa's 2nd District?,https://www.predictit.org/markets/detail/6789/Which-party-will-win-the-2020-House-race-in-Iowa's-2nd-District,23208,Democratic,0.67,0.34,0.66,0.33,09/13/2020 21:33:24,Open
1341,6789,Which party will win the 2020 House race in Iowa's 2nd District?,https://www.predictit.org/markets/detail/6789/Which-party-will-win-the-2020-House-race-in-Iowa's-2nd-District,23208,Democratic,0.67,0.34,0.66,0.33,09/13/2020 21:36:08,Open
1342,6789,Which party will win the 2020 House race in Iowa's 2nd District?,https://www.predictit.org/markets/detail/6789/Which-party-will-win-the-2020-House-race-in-Iowa's-2nd-District,23208,Democratic,0.67,0.34,0.66,0.33,09/13/2020 21:38:46,Open
1343,6789,Which party will win the 2020 House race in Iowa's 2nd District?,https://www.predictit.org/markets/detail/6789/Which-party-will-win-the-2020-House-race-in-Iowa's-2nd-District,23208,Democratic,0.67,0.34,0.66,0.33,09/13/2020 21:41:26,Open
1344,6789,Which party will win the 2020 House race in Iowa's 2nd District?,https://www.predictit.org/markets/detail/6789/Which-party-will-win-the-2020-House-race-in-Iowa's-2nd-District,23208,Democratic,0.67,0.34,0.66,0.33,09/13/2020 21:44:05,Open
1345,6789,Which party will win the 2020 House race in Iowa's 2nd District?,https://www.predictit.org/markets/detail/6789/Which-party-will-win-the-2020-House-race-in-Iowa's-2nd-District,23208,Democratic,0.67,0.34,0.66,0.33,09/13/2020 21:46:48,Open
1346,6789,Which party will win the 2020 House race in Iowa's 2nd District?,https://www.predictit.org/markets/detail/6789/Which-party-will-win-the-2020-House-race-in-Iowa's-2nd-District,23208,Democratic,0.67,0.34,0.66,0.33,09/13/2020 21:49:24,Open
1347,6789,Which party will win the 2020 House race in Iowa's 2nd District?,https://www.predictit.org/markets/detail/6789/Which-party-will-win-the-2020-House-race-in-Iowa's-2nd-District,23208,Democratic,0.67,0.34,0.66,0.33,09/13/2020 21:52:06,Open
1348,6789,Which party will win the 2020 House race in Iowa's 2nd District?,https://www.predictit.org/markets/detail/6789/Which-party-will-win-the-2020-House-race-in-Iowa's-2nd-District,23208,Democratic,0.67,0.34,0.66,0.33,09/13/2020 21:54:42,Open
1349,6789,Which party will win the 2020 House race in Iowa's 2nd District?,https://www.predictit.org/markets/detail/6789/Which-party-will-win-the-2020-House-race-in-Iowa's-2nd-District,23208,Democratic,0.67,0.34,0.66,0.33,09/13/2020 21:57:19,Open
1350,6789,Which party will win the 2020 House race in Iowa's 2nd District?,https://www.predictit.org/markets/detail/6789/Which-party-will-win-the-2020-House-race-in-Iowa's-2nd-District,23208,Democratic,0.67,0.34,0.66,0.33,09/13/2020 21:59:54,Open
1351,6789,Which party will win the 2020 House race in Iowa's 2nd District?,https://www.predictit.org/markets/detail/6789/Which-party-will-win-the-2020-House-race-in-Iowa's-2nd-District,23208,Democratic,0.67,0.34,0.66,0.33,09/13/2020 22:02:34,Open
1352,6789,Which party will win the 2020 House race in Iowa's 2nd District?,https://www.predictit.org/markets/detail/6789/Which-party-will-win-the-2020-House-race-in-Iowa's-2nd-District,23208,Democratic,0.67,0.34,0.66,0.33,09/13/2020 22:05:13,Open
1353,6789,Which party will win the 2020 House race in Iowa's 2nd District?,https://www.predictit.org/markets/detail/6789/Which-party-will-win-the-2020-House-race-in-Iowa's-2nd-District,23208,Democratic,0.67,0.34,0.66,0.33,09/13/2020 22:07:51,Open
1354,6789,Which party will win the 2020 House race in Iowa's 2nd District?,https://www.predictit.org/markets/detail/6789/Which-party-will-win-the-2020-House-race-in-Iowa's-2nd-District,23208,Democratic,0.67,0.34,0.66,0.33,09/13/2020 22:10:29,Open
1355,6789,Which party will win the 2020 House race in Iowa's 2nd District?,https://www.predictit.org/markets/detail/6789/Which-party-will-win-the-2020-House-race-in-Iowa's-2nd-District,23208,Democratic,0.67,0.34,0.66,0.33,09/13/2020 22:13:07,Open
1356,6789,Which party will win the 2020 House race in Iowa's 2nd District?,https://www.predictit.org/markets/detail/6789/Which-party-will-win-the-2020-House-race-in-Iowa's-2nd-District,23208,Democratic,0.67,0.34,0.66,0.33,09/13/2020 22:15:44,Open
1357,6789,Which party will win the 2020 House race in Iowa's 2nd District?,https://www.predictit.org/markets/detail/6789/Which-party-will-win-the-2020-House-race-in-Iowa's-2nd-District,23208,Democratic,0.67,0.34,0.66,0.33,09/13/2020 22:18:22,Open
1358,6789,Which party will win the 2020 House race in Iowa's 2nd District?,https://www.predictit.org/markets/detail/6789/Which-party-will-win-the-2020-House-race-in-Iowa's-2nd-District,23208,Democratic,0.67,0.34,0.66,0.33,09/13/2020 22:21:03,Open
1359,6789,Which party will win the 2020 House race in Iowa's 2nd District?,https://www.predictit.org/markets/detail/6789/Which-party-will-win-the-2020-House-race-in-Iowa's-2nd-District,23208,Democratic,0.67,0.34,0.66,0.33,09/13/2020 22:23:43,Open
1360,6789,Which party will win the 2020 House race in Iowa's 2nd District?,https://www.predictit.org/markets/detail/6789/Which-party-will-win-the-2020-House-race-in-Iowa's-2nd-District,23208,Democratic,0.67,0.34,0.66,0.33,09/13/2020 22:26:24,Open
1361,6789,Which party will win the 2020 House race in Iowa's 2nd District?,https://www.predictit.org/markets/detail/6789/Which-party-will-win-the-2020-House-race-in-Iowa's-2nd-District,23208,Democratic,0.67,0.34,0.66,0.33,09/13/2020 22:29:05,Open
1362,6789,Which party will win the 2020 House race in Iowa's 2nd District?,https://www.predictit.org/markets/detail/6789/Which-party-will-win-the-2020-House-race-in-Iowa's-2nd-District,23208,Democratic,0.67,0.34,0.66,0.33,09/13/2020 22:31:49,Open
1363,6789,Which party will win the 2020 House race in Iowa's 2nd District?,https://www.predictit.org/markets/detail/6789/Which-party-will-win-the-2020-House-race-in-Iowa's-2nd-District,23208,Democratic,0.67,0.34,0.66,0.33,09/13/2020 22:35:05,Open
1364,6789,Which party will win the 2020 House race in Iowa's 2nd District?,https://www.predictit.org/markets/detail/6789/Which-party-will-win-the-2020-House-race-in-Iowa's-2nd-District,23208,Democratic,0.67,0.34,0.66,0.33,09/13/2020 22:37:45,Open
1365,6789,Which party will win the 2020 House race in Iowa's 2nd District?,https://www.predictit.org/markets/detail/6789/Which-party-will-win-the-2020-House-race-in-Iowa's-2nd-District,23208,Democratic,0.67,0.34,0.66,0.33,09/13/2020 22:40:27,Open
1366,6789,Which party will win the 2020 House race in Iowa's 2nd District?,https://www.predictit.org/markets/detail/6789/Which-party-will-win-the-2020-House-race-in-Iowa's-2nd-District,23208,Democratic,0.67,0.34,0.66,0.33,09/13/2020 22:43:10,Open
1367,6789,Which party will win the 2020 House race in Iowa's 2nd District?,https://www.predictit.org/markets/detail/6789/Which-party-will-win-the-2020-House-race-in-Iowa's-2nd-District,23208,Democratic,0.67,0.34,0.66,0.33,09/13/2020 22:45:54,Open
1368,6789,Which party will win the 2020 House race in Iowa's 2nd District?,https://www.predictit.org/markets/detail/6789/Which-party-will-win-the-2020-House-race-in-Iowa's-2nd-District,23208,Democratic,0.67,0.34,0.66,0.33,09/13/2020 22:48:33,Open
1369,6789,Which party will win the 2020 House race in Iowa's 2nd District?,https://www.predictit.org/markets/detail/6789/Which-party-will-win-the-2020-House-race-in-Iowa's-2nd-District,23208,Democratic,0.67,0.34,0.66,0.33,09/13/2020 22:51:14,Open
1370,6789,Which party will win the 2020 House race in Iowa's 2nd District?,https://www.predictit.org/markets/detail/6789/Which-party-will-win-the-2020-House-race-in-Iowa's-2nd-District,23208,Democratic,0.67,0.34,0.66,0.33,09/13/2020 22:53:52,Open
1371,6789,Which party will win the 2020 House race in Iowa's 2nd District?,https://www.predictit.org/markets/detail/6789/Which-party-will-win-the-2020-House-race-in-Iowa's-2nd-District,23208,Democratic,0.67,0.34,0.66,0.33,09/13/2020 22:56:31,Open
1372,6789,Which party will win the 2020 House race in Iowa's 2nd District?,https://www.predictit.org/markets/detail/6789/Which-party-will-win-the-2020-House-race-in-Iowa's-2nd-District,23208,Democratic,0.67,0.34,0.66,0.33,09/13/2020 22:59:10,Open
1373,6789,Which party will win the 2020 House race in Iowa's 2nd District?,https://www.predictit.org/markets/detail/6789/Which-party-will-win-the-2020-House-race-in-Iowa's-2nd-District,23208,Democratic,0.67,0.34,0.66,0.33,09/13/2020 23:01:51,Open
1374,6789,Which party will win the 2020 House race in Iowa's 2nd District?,https://www.predictit.org/markets/detail/6789/Which-party-will-win-the-2020-House-race-in-Iowa's-2nd-District,23208,Democratic,0.67,0.34,0.66,0.33,09/13/2020 23:04:30,Open
1375,6789,Which party will win the 2020 House race in Iowa's 2nd District?,https://www.predictit.org/markets/detail/6789/Which-party-will-win-the-2020-House-race-in-Iowa's-2nd-District,23208,Democratic,0.67,0.34,0.66,0.33,09/13/2020 23:07:09,Open
1376,6789,Which party will win the 2020 House race in Iowa's 2nd District?,https://www.predictit.org/markets/detail/6789/Which-party-will-win-the-2020-House-race-in-Iowa's-2nd-District,23208,Democratic,0.67,0.34,0.66,0.33,09/13/2020 23:09:49,Open
1377,6789,Which party will win the 2020 House race in Iowa's 2nd District?,https://www.predictit.org/markets/detail/6789/Which-party-will-win-the-2020-House-race-in-Iowa's-2nd-District,23208,Democratic,0.67,0.34,0.66,0.33,09/13/2020 23:12:27,Open
1378,6789,Which party will win the 2020 House race in Iowa's 2nd District?,https://www.predictit.org/markets/detail/6789/Which-party-will-win-the-2020-House-race-in-Iowa's-2nd-District,23208,Democratic,0.67,0.34,0.66,0.33,09/13/2020 23:15:08,Open
1379,6789,Which party will win the 2020 House race in Iowa's 2nd District?,https://www.predictit.org/markets/detail/6789/Which-party-will-win-the-2020-House-race-in-Iowa's-2nd-District,23208,Democratic,0.67,0.34,0.66,0.33,09/13/2020 23:17:46,Open
1380,6789,Which party will win the 2020 House race in Iowa's 2nd District?,https://www.predictit.org/markets/detail/6789/Which-party-will-win-the-2020-House-race-in-Iowa's-2nd-District,23208,Democratic,0.67,0.34,0.66,0.33,09/13/2020 23:20:26,Open
1381,6789,Which party will win the 2020 House race in Iowa's 2nd District?,https://www.predictit.org/markets/detail/6789/Which-party-will-win-the-2020-House-race-in-Iowa's-2nd-District,23208,Democratic,0.67,0.34,0.66,0.33,09/13/2020 23:23:07,Open
1382,6789,Which party will win the 2020 House race in Iowa's 2nd District?,https://www.predictit.org/markets/detail/6789/Which-party-will-win-the-2020-House-race-in-Iowa's-2nd-District,23208,Democratic,0.67,0.34,0.66,0.33,09/13/2020 23:25:47,Open
1383,6789,Which party will win the 2020 House race in Iowa's 2nd District?,https://www.predictit.org/markets/detail/6789/Which-party-will-win-the-2020-House-race-in-Iowa's-2nd-District,23208,Democratic,0.67,0.34,0.66,0.33,09/13/2020 23:28:25,Open
1384,6789,Which party will win the 2020 House race in Iowa's 2nd District?,https://www.predictit.org/markets/detail/6789/Which-party-will-win-the-2020-House-race-in-Iowa's-2nd-District,23208,Democratic,0.67,0.34,0.66,0.33,09/13/2020 23:31:08,Open
1385,6789,Which party will win the 2020 House race in Iowa's 2nd District?,https://www.predictit.org/markets/detail/6789/Which-party-will-win-the-2020-House-race-in-Iowa's-2nd-District,23208,Democratic,0.67,0.34,0.66,0.33,09/13/2020 23:33:50,Open
1386,6789,Which party will win the 2020 House race in Iowa's 2nd District?,https://www.predictit.org/markets/detail/6789/Which-party-will-win-the-2020-House-race-in-Iowa's-2nd-District,23208,Democratic,0.67,0.34,0.66,0.33,09/13/2020 23:36:30,Open
1387,6789,Which party will win the 2020 House race in Iowa's 2nd District?,https://www.predictit.org/markets/detail/6789/Which-party-will-win-the-2020-House-race-in-Iowa's-2nd-District,23208,Democratic,0.67,0.34,0.66,0.33,09/13/2020 23:39:12,Open
1388,6789,Which party will win the 2020 House race in Iowa's 2nd District?,https://www.predictit.org/markets/detail/6789/Which-party-will-win-the-2020-House-race-in-Iowa's-2nd-District,23208,Democratic,0.67,0.34,0.66,0.33,09/13/2020 23:41:56,Open
1389,6789,Which party will win the 2020 House race in Iowa's 2nd District?,https://www.predictit.org/markets/detail/6789/Which-party-will-win-the-2020-House-race-in-Iowa's-2nd-District,23208,Democratic,0.67,0.34,0.66,0.33,09/13/2020 23:44:36,Open
1390,6789,Which party will win the 2020 House race in Iowa's 2nd District?,https://www.predictit.org/markets/detail/6789/Which-party-will-win-the-2020-House-race-in-Iowa's-2nd-District,23208,Democratic,0.67,0.34,0.66,0.33,09/13/2020 23:47:19,Open
1391,6789,Which party will win the 2020 House race in Iowa's 2nd District?,https://www.predictit.org/markets/detail/6789/Which-party-will-win-the-2020-House-race-in-Iowa's-2nd-District,23208,Democratic,0.67,0.34,0.66,0.33,09/13/2020 23:49:57,Open
1392,6789,Which party will win the 2020 House race in Iowa's 2nd District?,https://www.predictit.org/markets/detail/6789/Which-party-will-win-the-2020-House-race-in-Iowa's-2nd-District,23208,Democratic,0.67,0.34,0.66,0.33,09/13/2020 23:52:39,Open
1393,6789,Which party will win the 2020 House race in Iowa's 2nd District?,https://www.predictit.org/markets/detail/6789/Which-party-will-win-the-2020-House-race-in-Iowa's-2nd-District,23208,Democratic,0.67,0.34,0.66,0.33,09/13/2020 23:55:18,Open
1394,6789,Which party will win the 2020 House race in Iowa's 2nd District?,https://www.predictit.org/markets/detail/6789/Which-party-will-win-the-2020-House-race-in-Iowa's-2nd-District,23208,Democratic,0.67,0.34,0.66,0.33,09/13/2020 23:57:59,Open
1395,6789,Which party will win the 2020 House race in Iowa's 2nd District?,https://www.predictit.org/markets/detail/6789/Which-party-will-win-the-2020-House-race-in-Iowa's-2nd-District,23208,Democratic,0.67,0.34,0.66,0.33,09/14/2020 00:00:38,Open
1396,6789,Which party will win the 2020 House race in Iowa's 2nd District?,https://www.predictit.org/markets/detail/6789/Which-party-will-win-the-2020-House-race-in-Iowa's-2nd-District,23208,Democratic,0.67,0.34,0.66,0.33,09/14/2020 00:03:20,Open
1397,6789,Which party will win the 2020 House race in Iowa's 2nd District?,https://www.predictit.org/markets/detail/6789/Which-party-will-win-the-2020-House-race-in-Iowa's-2nd-District,23208,Democratic,0.67,0.34,0.66,0.33,09/14/2020 00:06:00,Open
1398,6789,Which party will win the 2020 House race in Iowa's 2nd District?,https://www.predictit.org/markets/detail/6789/Which-party-will-win-the-2020-House-race-in-Iowa's-2nd-District,23208,Democratic,0.67,0.34,0.66,0.33,09/14/2020 00:08:42,Open
1399,6789,Which party will win the 2020 House race in Iowa's 2nd District?,https://www.predictit.org/markets/detail/6789/Which-party-will-win-the-2020-House-race-in-Iowa's-2nd-District,23208,Democratic,0.67,0.34,0.66,0.33,09/14/2020 00:11:23,Open
1400,6789,Which party will win the 2020 House race in Iowa's 2nd District?,https://www.predictit.org/markets/detail/6789/Which-party-will-win-the-2020-House-race-in-Iowa's-2nd-District,23208,Democratic,0.67,0.34,0.66,0.33,09/14/2020 00:14:10,Open
1401,6789,Which party will win the 2020 House race in Iowa's 2nd District?,https://www.predictit.org/markets/detail/6789/Which-party-will-win-the-2020-House-race-in-Iowa's-2nd-District,23208,Democratic,0.67,0.34,0.66,0.33,09/14/2020 00:16:51,Open
1402,6789,Which party will win the 2020 House race in Iowa's 2nd District?,https://www.predictit.org/markets/detail/6789/Which-party-will-win-the-2020-House-race-in-Iowa's-2nd-District,23208,Democratic,0.67,0.34,0.66,0.33,09/14/2020 00:19:32,Open
1403,6789,Which party will win the 2020 House race in Iowa's 2nd District?,https://www.predictit.org/markets/detail/6789/Which-party-will-win-the-2020-House-race-in-Iowa's-2nd-District,23208,Democratic,0.67,0.34,0.66,0.33,09/14/2020 00:22:11,Open
1404,6789,Which party will win the 2020 House race in Iowa's 2nd District?,https://www.predictit.org/markets/detail/6789/Which-party-will-win-the-2020-House-race-in-Iowa's-2nd-District,23208,Democratic,0.67,0.34,0.66,0.33,09/14/2020 00:24:53,Open
1405,6789,Which party will win the 2020 House race in Iowa's 2nd District?,https://www.predictit.org/markets/detail/6789/Which-party-will-win-the-2020-House-race-in-Iowa's-2nd-District,23208,Democratic,0.67,0.34,0.66,0.33,09/14/2020 00:27:32,Open
1406,6789,Which party will win the 2020 House race in Iowa's 2nd District?,https://www.predictit.org/markets/detail/6789/Which-party-will-win-the-2020-House-race-in-Iowa's-2nd-District,23208,Democratic,0.67,0.34,0.66,0.33,09/14/2020 00:30:12,Open
1407,6789,Which party will win the 2020 House race in Iowa's 2nd District?,https://www.predictit.org/markets/detail/6789/Which-party-will-win-the-2020-House-race-in-Iowa's-2nd-District,23208,Democratic,0.67,0.34,0.66,0.33,09/14/2020 00:32:52,Open
1408,6789,Which party will win the 2020 House race in Iowa's 2nd District?,https://www.predictit.org/markets/detail/6789/Which-party-will-win-the-2020-House-race-in-Iowa's-2nd-District,23208,Democratic,0.67,0.34,0.66,0.33,09/14/2020 00:35:32,Open
1409,6789,Which party will win the 2020 House race in Iowa's 2nd District?,https://www.predictit.org/markets/detail/6789/Which-party-will-win-the-2020-House-race-in-Iowa's-2nd-District,23208,Democratic,0.67,0.34,0.66,0.33,09/14/2020 00:38:11,Open
1410,6789,Which party will win the 2020 House race in Iowa's 2nd District?,https://www.predictit.org/markets/detail/6789/Which-party-will-win-the-2020-House-race-in-Iowa's-2nd-District,23208,Democratic,0.67,0.34,0.66,0.33,09/14/2020 00:40:53,Open
1411,6789,Which party will win the 2020 House race in Iowa's 2nd District?,https://www.predictit.org/markets/detail/6789/Which-party-will-win-the-2020-House-race-in-Iowa's-2nd-District,23208,Democratic,0.67,0.34,0.66,0.33,09/14/2020 00:43:33,Open
1412,6789,Which party will win the 2020 House race in Iowa's 2nd District?,https://www.predictit.org/markets/detail/6789/Which-party-will-win-the-2020-House-race-in-Iowa's-2nd-District,23208,Democratic,0.67,0.34,0.66,0.33,09/14/2020 00:46:16,Open
1413,6789,Which party will win the 2020 House race in Iowa's 2nd District?,https://www.predictit.org/markets/detail/6789/Which-party-will-win-the-2020-House-race-in-Iowa's-2nd-District,23208,Democratic,0.67,0.34,0.66,0.33,09/14/2020 00:48:56,Open
1414,6789,Which party will win the 2020 House race in Iowa's 2nd District?,https://www.predictit.org/markets/detail/6789/Which-party-will-win-the-2020-House-race-in-Iowa's-2nd-District,23208,Democratic,0.67,0.34,0.66,0.33,09/14/2020 00:51:41,Open
1415,6789,Which party will win the 2020 House race in Iowa's 2nd District?,https://www.predictit.org/markets/detail/6789/Which-party-will-win-the-2020-House-race-in-Iowa's-2nd-District,23208,Democratic,0.67,0.34,0.66,0.33,09/14/2020 00:54:25,Open
1416,6789,Which party will win the 2020 House race in Iowa's 2nd District?,https://www.predictit.org/markets/detail/6789/Which-party-will-win-the-2020-House-race-in-Iowa's-2nd-District,23208,Democratic,0.67,0.34,0.66,0.33,09/14/2020 00:57:08,Open
1417,6789,Which party will win the 2020 House race in Iowa's 2nd District?,https://www.predictit.org/markets/detail/6789/Which-party-will-win-the-2020-House-race-in-Iowa's-2nd-District,23208,Democratic,0.67,0.34,0.66,0.33,09/14/2020 00:59:51,Open
1418,6789,Which party will win the 2020 House race in Iowa's 2nd District?,https://www.predictit.org/markets/detail/6789/Which-party-will-win-the-2020-House-race-in-Iowa's-2nd-District,23208,Democratic,0.67,0.34,0.66,0.33,09/14/2020 01:02:36,Open
1419,6789,Which party will win the 2020 House race in Iowa's 2nd District?,https://www.predictit.org/markets/detail/6789/Which-party-will-win-the-2020-House-race-in-Iowa's-2nd-District,23208,Democratic,0.67,0.34,0.66,0.33,09/14/2020 01:05:20,Open
1420,6789,Which party will win the 2020 House race in Iowa's 2nd District?,https://www.predictit.org/markets/detail/6789/Which-party-will-win-the-2020-House-race-in-Iowa's-2nd-District,23208,Democratic,0.67,0.34,0.66,0.33,09/14/2020 01:08:07,Open
1421,6789,Which party will win the 2020 House race in Iowa's 2nd District?,https://www.predictit.org/markets/detail/6789/Which-party-will-win-the-2020-House-race-in-Iowa's-2nd-District,23208,Democratic,0.67,0.34,0.66,0.33,09/14/2020 01:10:47,Open
1422,6789,Which party will win the 2020 House race in Iowa's 2nd District?,https://www.predictit.org/markets/detail/6789/Which-party-will-win-the-2020-House-race-in-Iowa's-2nd-District,23208,Democratic,0.67,0.34,0.66,0.33,09/14/2020 01:13:35,Open
1423,6789,Which party will win the 2020 House race in Iowa's 2nd District?,https://www.predictit.org/markets/detail/6789/Which-party-will-win-the-2020-House-race-in-Iowa's-2nd-District,23208,Democratic,0.67,0.34,0.66,0.33,09/14/2020 01:16:16,Open
1424,6789,Which party will win the 2020 House race in Iowa's 2nd District?,https://www.predictit.org/markets/detail/6789/Which-party-will-win-the-2020-House-race-in-Iowa's-2nd-District,23208,Democratic,0.67,0.34,0.66,0.33,09/14/2020 01:19:03,Open
1425,6789,Which party will win the 2020 House race in Iowa's 2nd District?,https://www.predictit.org/markets/detail/6789/Which-party-will-win-the-2020-House-race-in-Iowa's-2nd-District,23208,Democratic,0.67,0.34,0.66,0.33,09/14/2020 01:21:43,Open
1426,6789,Which party will win the 2020 House race in Iowa's 2nd District?,https://www.predictit.org/markets/detail/6789/Which-party-will-win-the-2020-House-race-in-Iowa's-2nd-District,23208,Democratic,0.67,0.34,0.66,0.33,09/14/2020 01:24:30,Open
1427,6789,Which party will win the 2020 House race in Iowa's 2nd District?,https://www.predictit.org/markets/detail/6789/Which-party-will-win-the-2020-House-race-in-Iowa's-2nd-District,23208,Democratic,0.67,0.34,0.66,0.33,09/14/2020 01:27:12,Open
1428,6789,Which party will win the 2020 House race in Iowa's 2nd District?,https://www.predictit.org/markets/detail/6789/Which-party-will-win-the-2020-House-race-in-Iowa's-2nd-District,23208,Democratic,0.67,0.34,0.66,0.33,09/14/2020 01:29:57,Open
1429,6789,Which party will win the 2020 House race in Iowa's 2nd District?,https://www.predictit.org/markets/detail/6789/Which-party-will-win-the-2020-House-race-in-Iowa's-2nd-District,23208,Democratic,0.67,0.34,0.66,0.33,09/14/2020 01:32:40,Open
1430,6789,Which party will win the 2020 House race in Iowa's 2nd District?,https://www.predictit.org/markets/detail/6789/Which-party-will-win-the-2020-House-race-in-Iowa's-2nd-District,23208,Democratic,0.67,0.34,0.66,0.33,09/14/2020 01:35:26,Open
1431,6789,Which party will win the 2020 House race in Iowa's 2nd District?,https://www.predictit.org/markets/detail/6789/Which-party-will-win-the-2020-House-race-in-Iowa's-2nd-District,23208,Democratic,0.67,0.34,0.66,0.33,09/14/2020 01:38:10,Open
1432,6789,Which party will win the 2020 House race in Iowa's 2nd District?,https://www.predictit.org/markets/detail/6789/Which-party-will-win-the-2020-House-race-in-Iowa's-2nd-District,23208,Democratic,0.67,0.34,0.66,0.33,09/14/2020 01:40:55,Open
1433,6789,Which party will win the 2020 House race in Iowa's 2nd District?,https://www.predictit.org/markets/detail/6789/Which-party-will-win-the-2020-House-race-in-Iowa's-2nd-District,23208,Democratic,0.67,0.34,0.66,0.33,09/14/2020 01:43:40,Open
1434,6789,Which party will win the 2020 House race in Iowa's 2nd District?,https://www.predictit.org/markets/detail/6789/Which-party-will-win-the-2020-House-race-in-Iowa's-2nd-District,23208,Democratic,0.67,0.34,0.66,0.33,09/14/2020 01:46:30,Open
1435,6789,Which party will win the 2020 House race in Iowa's 2nd District?,https://www.predictit.org/markets/detail/6789/Which-party-will-win-the-2020-House-race-in-Iowa's-2nd-District,23208,Democratic,0.67,0.34,0.66,0.33,09/14/2020 01:49:14,Open
1436,6789,Which party will win the 2020 House race in Iowa's 2nd District?,https://www.predictit.org/markets/detail/6789/Which-party-will-win-the-2020-House-race-in-Iowa's-2nd-District,23208,Democratic,0.67,0.34,0.66,0.33,09/14/2020 01:51:57,Open
1437,6789,Which party will win the 2020 House race in Iowa's 2nd District?,https://www.predictit.org/markets/detail/6789/Which-party-will-win-the-2020-House-race-in-Iowa's-2nd-District,23208,Democratic,0.67,0.34,0.66,0.33,09/14/2020 01:54:42,Open
1438,6789,Which party will win the 2020 House race in Iowa's 2nd District?,https://www.predictit.org/markets/detail/6789/Which-party-will-win-the-2020-House-race-in-Iowa's-2nd-District,23208,Democratic,0.67,0.34,0.66,0.33,09/14/2020 01:57:26,Open
1439,6789,Which party will win the 2020 House race in Iowa's 2nd District?,https://www.predictit.org/markets/detail/6789/Which-party-will-win-the-2020-House-race-in-Iowa's-2nd-District,23208,Democratic,0.67,0.34,0.66,0.33,09/14/2020 02:00:10,Open
1440,6789,Which party will win the 2020 House race in Iowa's 2nd District?,https://www.predictit.org/markets/detail/6789/Which-party-will-win-the-2020-House-race-in-Iowa's-2nd-District,23208,Democratic,0.67,0.34,0.66,0.33,09/14/2020 02:02:55,Open
1441,6789,Which party will win the 2020 House race in Iowa's 2nd District?,https://www.predictit.org/markets/detail/6789/Which-party-will-win-the-2020-House-race-in-Iowa's-2nd-District,23208,Democratic,0.67,0.34,0.66,0.33,09/14/2020 02:05:44,Open
1442,6789,Which party will win the 2020 House race in Iowa's 2nd District?,https://www.predictit.org/markets/detail/6789/Which-party-will-win-the-2020-House-race-in-Iowa's-2nd-District,23208,Democratic,0.67,0.34,0.66,0.33,09/14/2020 02:08:28,Open
1443,6789,Which party will win the 2020 House race in Iowa's 2nd District?,https://www.predictit.org/markets/detail/6789/Which-party-will-win-the-2020-House-race-in-Iowa's-2nd-District,23208,Democratic,0.67,0.34,0.66,0.33,09/14/2020 02:11:13,Open
1444,6789,Which party will win the 2020 House race in Iowa's 2nd District?,https://www.predictit.org/markets/detail/6789/Which-party-will-win-the-2020-House-race-in-Iowa's-2nd-District,23208,Democratic,0.67,0.34,0.66,0.33,09/14/2020 02:13:56,Open
1445,6789,Which party will win the 2020 House race in Iowa's 2nd District?,https://www.predictit.org/markets/detail/6789/Which-party-will-win-the-2020-House-race-in-Iowa's-2nd-District,23208,Democratic,0.67,0.34,0.66,0.33,09/14/2020 02:16:43,Open
1446,6789,Which party will win the 2020 House race in Iowa's 2nd District?,https://www.predictit.org/markets/detail/6789/Which-party-will-win-the-2020-House-race-in-Iowa's-2nd-District,23208,Democratic,0.67,0.34,0.66,0.33,09/14/2020 02:19:27,Open
1447,6789,Which party will win the 2020 House race in Iowa's 2nd District?,https://www.predictit.org/markets/detail/6789/Which-party-will-win-the-2020-House-race-in-Iowa's-2nd-District,23208,Democratic,0.67,0.34,0.66,0.33,09/14/2020 02:22:12,Open
1448,6789,Which party will win the 2020 House race in Iowa's 2nd District?,https://www.predictit.org/markets/detail/6789/Which-party-will-win-the-2020-House-race-in-Iowa's-2nd-District,23208,Democratic,0.67,0.34,0.66,0.33,09/14/2020 02:24:57,Open
1449,6789,Which party will win the 2020 House race in Iowa's 2nd District?,https://www.predictit.org/markets/detail/6789/Which-party-will-win-the-2020-House-race-in-Iowa's-2nd-District,23208,Democratic,0.67,0.34,0.66,0.33,09/14/2020 02:27:42,Open
1450,6789,Which party will win the 2020 House race in Iowa's 2nd District?,https://www.predictit.org/markets/detail/6789/Which-party-will-win-the-2020-House-race-in-Iowa's-2nd-District,23208,Democratic,0.67,0.34,0.66,0.33,09/14/2020 02:30:25,Open
1451,6789,Which party will win the 2020 House race in Iowa's 2nd District?,https://www.predictit.org/markets/detail/6789/Which-party-will-win-the-2020-House-race-in-Iowa's-2nd-District,23208,Democratic,0.67,0.34,0.66,0.33,09/14/2020 02:33:11,Open
1452,6789,Which party will win the 2020 House race in Iowa's 2nd District?,https://www.predictit.org/markets/detail/6789/Which-party-will-win-the-2020-House-race-in-Iowa's-2nd-District,23208,Democratic,0.68,0.34,0.66,0.32,09/14/2020 02:35:57,Open
1453,6789,Which party will win the 2020 House race in Iowa's 2nd District?,https://www.predictit.org/markets/detail/6789/Which-party-will-win-the-2020-House-race-in-Iowa's-2nd-District,23208,Democratic,0.68,0.34,0.66,0.32,09/14/2020 02:38:42,Open
1454,6789,Which party will win the 2020 House race in Iowa's 2nd District?,https://www.predictit.org/markets/detail/6789/Which-party-will-win-the-2020-House-race-in-Iowa's-2nd-District,23208,Democratic,0.68,0.34,0.66,0.32,09/14/2020 02:41:27,Open
1455,6789,Which party will win the 2020 House race in Iowa's 2nd District?,https://www.predictit.org/markets/detail/6789/Which-party-will-win-the-2020-House-race-in-Iowa's-2nd-District,23208,Democratic,0.68,0.34,0.66,0.32,09/14/2020 02:44:15,Open
1456,6789,Which party will win the 2020 House race in Iowa's 2nd District?,https://www.predictit.org/markets/detail/6789/Which-party-will-win-the-2020-House-race-in-Iowa's-2nd-District,23208,Democratic,0.68,0.34,0.66,0.32,09/14/2020 02:47:01,Open
1457,6789,Which party will win the 2020 House race in Iowa's 2nd District?,https://www.predictit.org/markets/detail/6789/Which-party-will-win-the-2020-House-race-in-Iowa's-2nd-District,23208,Democratic,0.68,0.34,0.66,0.32,09/14/2020 02:49:48,Open
1458,6789,Which party will win the 2020 House race in Iowa's 2nd District?,https://www.predictit.org/markets/detail/6789/Which-party-will-win-the-2020-House-race-in-Iowa's-2nd-District,23208,Democratic,0.68,0.34,0.66,0.32,09/14/2020 02:52:30,Open
1459,6789,Which party will win the 2020 House race in Iowa's 2nd District?,https://www.predictit.org/markets/detail/6789/Which-party-will-win-the-2020-House-race-in-Iowa's-2nd-District,23208,Democratic,0.68,0.34,0.66,0.32,09/14/2020 02:55:18,Open
1460,6789,Which party will win the 2020 House race in Iowa's 2nd District?,https://www.predictit.org/markets/detail/6789/Which-party-will-win-the-2020-House-race-in-Iowa's-2nd-District,23208,Democratic,0.68,0.34,0.66,0.32,09/14/2020 02:58:02,Open
1461,6789,Which party will win the 2020 House race in Iowa's 2nd District?,https://www.predictit.org/markets/detail/6789/Which-party-will-win-the-2020-House-race-in-Iowa's-2nd-District,23208,Democratic,0.68,0.34,0.66,0.32,09/14/2020 03:00:51,Open
1462,6789,Which party will win the 2020 House race in Iowa's 2nd District?,https://www.predictit.org/markets/detail/6789/Which-party-will-win-the-2020-House-race-in-Iowa's-2nd-District,23208,Democratic,0.68,0.34,0.66,0.32,09/14/2020 03:03:35,Open
1463,6789,Which party will win the 2020 House race in Iowa's 2nd District?,https://www.predictit.org/markets/detail/6789/Which-party-will-win-the-2020-House-race-in-Iowa's-2nd-District,23208,Democratic,0.68,0.34,0.66,0.32,09/14/2020 03:06:22,Open
1464,6789,Which party will win the 2020 House race in Iowa's 2nd District?,https://www.predictit.org/markets/detail/6789/Which-party-will-win-the-2020-House-race-in-Iowa's-2nd-District,23208,Democratic,0.68,0.34,0.66,0.32,09/14/2020 03:09:05,Open
1465,6789,Which party will win the 2020 House race in Iowa's 2nd District?,https://www.predictit.org/markets/detail/6789/Which-party-will-win-the-2020-House-race-in-Iowa's-2nd-District,23208,Democratic,0.68,0.34,0.66,0.32,09/14/2020 03:11:49,Open
1466,6789,Which party will win the 2020 House race in Iowa's 2nd District?,https://www.predictit.org/markets/detail/6789/Which-party-will-win-the-2020-House-race-in-Iowa's-2nd-District,23208,Democratic,0.68,0.34,0.66,0.32,09/14/2020 03:14:33,Open
1467,6789,Which party will win the 2020 House race in Iowa's 2nd District?,https://www.predictit.org/markets/detail/6789/Which-party-will-win-the-2020-House-race-in-Iowa's-2nd-District,23208,Democratic,0.68,0.34,0.66,0.32,09/14/2020 03:17:21,Open
1468,6789,Which party will win the 2020 House race in Iowa's 2nd District?,https://www.predictit.org/markets/detail/6789/Which-party-will-win-the-2020-House-race-in-Iowa's-2nd-District,23208,Democratic,0.68,0.34,0.66,0.32,09/14/2020 03:20:05,Open
1469,6789,Which party will win the 2020 House race in Iowa's 2nd District?,https://www.predictit.org/markets/detail/6789/Which-party-will-win-the-2020-House-race-in-Iowa's-2nd-District,23208,Democratic,0.68,0.34,0.66,0.32,09/14/2020 03:22:57,Open
1470,6789,Which party will win the 2020 House race in Iowa's 2nd District?,https://www.predictit.org/markets/detail/6789/Which-party-will-win-the-2020-House-race-in-Iowa's-2nd-District,23208,Democratic,0.68,0.34,0.66,0.32,09/14/2020 03:25:42,Open
1471,6789,Which party will win the 2020 House race in Iowa's 2nd District?,https://www.predictit.org/markets/detail/6789/Which-party-will-win-the-2020-House-race-in-Iowa's-2nd-District,23208,Democratic,0.68,0.34,0.66,0.32,09/14/2020 03:28:27,Open
1472,6789,Which party will win the 2020 House race in Iowa's 2nd District?,https://www.predictit.org/markets/detail/6789/Which-party-will-win-the-2020-House-race-in-Iowa's-2nd-District,23208,Democratic,0.68,0.34,0.66,0.32,09/14/2020 03:31:11,Open
1473,6789,Which party will win the 2020 House race in Iowa's 2nd District?,https://www.predictit.org/markets/detail/6789/Which-party-will-win-the-2020-House-race-in-Iowa's-2nd-District,23208,Democratic,0.68,0.34,0.66,0.32,09/14/2020 03:33:56,Open
1474,6789,Which party will win the 2020 House race in Iowa's 2nd District?,https://www.predictit.org/markets/detail/6789/Which-party-will-win-the-2020-House-race-in-Iowa's-2nd-District,23208,Democratic,0.68,0.34,0.66,0.32,09/14/2020 03:36:43,Open
1475,6789,Which party will win the 2020 House race in Iowa's 2nd District?,https://www.predictit.org/markets/detail/6789/Which-party-will-win-the-2020-House-race-in-Iowa's-2nd-District,23208,Democratic,0.68,0.34,0.66,0.32,09/14/2020 03:39:29,Open
1476,6789,Which party will win the 2020 House race in Iowa's 2nd District?,https://www.predictit.org/markets/detail/6789/Which-party-will-win-the-2020-House-race-in-Iowa's-2nd-District,23208,Democratic,0.68,0.34,0.66,0.32,09/14/2020 03:42:14,Open
1477,6789,Which party will win the 2020 House race in Iowa's 2nd District?,https://www.predictit.org/markets/detail/6789/Which-party-will-win-the-2020-House-race-in-Iowa's-2nd-District,23208,Democratic,0.68,0.34,0.66,0.32,09/14/2020 03:45:01,Open
1478,6789,Which party will win the 2020 House race in Iowa's 2nd District?,https://www.predictit.org/markets/detail/6789/Which-party-will-win-the-2020-House-race-in-Iowa's-2nd-District,23208,Democratic,0.68,0.34,0.66,0.32,09/14/2020 03:47:47,Open
1479,6789,Which party will win the 2020 House race in Iowa's 2nd District?,https://www.predictit.org/markets/detail/6789/Which-party-will-win-the-2020-House-race-in-Iowa's-2nd-District,23208,Democratic,0.68,0.34,0.66,0.32,09/14/2020 03:50:33,Open
1480,6789,Which party will win the 2020 House race in Iowa's 2nd District?,https://www.predictit.org/markets/detail/6789/Which-party-will-win-the-2020-House-race-in-Iowa's-2nd-District,23208,Democratic,0.68,0.34,0.66,0.32,09/14/2020 03:53:16,Open
1481,6789,Which party will win the 2020 House race in Iowa's 2nd District?,https://www.predictit.org/markets/detail/6789/Which-party-will-win-the-2020-House-race-in-Iowa's-2nd-District,23208,Democratic,0.68,0.34,0.66,0.32,09/14/2020 03:56:05,Open
1482,6789,Which party will win the 2020 House race in Iowa's 2nd District?,https://www.predictit.org/markets/detail/6789/Which-party-will-win-the-2020-House-race-in-Iowa's-2nd-District,23208,Democratic,0.68,0.34,0.66,0.32,09/14/2020 03:58:50,Open
1483,6789,Which party will win the 2020 House race in Iowa's 2nd District?,https://www.predictit.org/markets/detail/6789/Which-party-will-win-the-2020-House-race-in-Iowa's-2nd-District,23208,Democratic,0.68,0.34,0.66,0.32,09/14/2020 04:01:42,Open
1484,6789,Which party will win the 2020 House race in Iowa's 2nd District?,https://www.predictit.org/markets/detail/6789/Which-party-will-win-the-2020-House-race-in-Iowa's-2nd-District,23208,Democratic,0.68,0.34,0.66,0.32,09/14/2020 04:04:29,Open
1485,6789,Which party will win the 2020 House race in Iowa's 2nd District?,https://www.predictit.org/markets/detail/6789/Which-party-will-win-the-2020-House-race-in-Iowa's-2nd-District,23208,Democratic,0.68,0.34,0.66,0.32,09/14/2020 04:07:23,Open
1486,6789,Which party will win the 2020 House race in Iowa's 2nd District?,https://www.predictit.org/markets/detail/6789/Which-party-will-win-the-2020-House-race-in-Iowa's-2nd-District,23208,Democratic,0.68,0.34,0.66,0.32,09/14/2020 04:10:15,Open
1487,6789,Which party will win the 2020 House race in Iowa's 2nd District?,https://www.predictit.org/markets/detail/6789/Which-party-will-win-the-2020-House-race-in-Iowa's-2nd-District,23208,Democratic,0.68,0.34,0.66,0.32,09/14/2020 04:13:03,Open
1488,6789,Which party will win the 2020 House race in Iowa's 2nd District?,https://www.predictit.org/markets/detail/6789/Which-party-will-win-the-2020-House-race-in-Iowa's-2nd-District,23208,Democratic,0.68,0.34,0.66,0.32,09/14/2020 04:15:53,Open
1489,6789,Which party will win the 2020 House race in Iowa's 2nd District?,https://www.predictit.org/markets/detail/6789/Which-party-will-win-the-2020-House-race-in-Iowa's-2nd-District,23208,Democratic,0.68,0.34,0.66,0.32,09/14/2020 04:18:44,Open
1490,6789,Which party will win the 2020 House race in Iowa's 2nd District?,https://www.predictit.org/markets/detail/6789/Which-party-will-win-the-2020-House-race-in-Iowa's-2nd-District,23208,Democratic,0.68,0.34,0.66,0.32,09/14/2020 04:21:34,Open
1491,6789,Which party will win the 2020 House race in Iowa's 2nd District?,https://www.predictit.org/markets/detail/6789/Which-party-will-win-the-2020-House-race-in-Iowa's-2nd-District,23208,Democratic,0.68,0.34,0.66,0.32,09/14/2020 04:24:22,Open
1492,6789,Which party will win the 2020 House race in Iowa's 2nd District?,https://www.predictit.org/markets/detail/6789/Which-party-will-win-the-2020-House-race-in-Iowa's-2nd-District,23208,Democratic,0.68,0.34,0.66,0.32,09/14/2020 04:27:13,Open
1493,6789,Which party will win the 2020 House race in Iowa's 2nd District?,https://www.predictit.org/markets/detail/6789/Which-party-will-win-the-2020-House-race-in-Iowa's-2nd-District,23208,Democratic,0.68,0.34,0.66,0.32,09/14/2020 04:30:02,Open
1494,6789,Which party will win the 2020 House race in Iowa's 2nd District?,https://www.predictit.org/markets/detail/6789/Which-party-will-win-the-2020-House-race-in-Iowa's-2nd-District,23208,Democratic,0.68,0.34,0.66,0.32,09/14/2020 04:32:51,Open
1495,6789,Which party will win the 2020 House race in Iowa's 2nd District?,https://www.predictit.org/markets/detail/6789/Which-party-will-win-the-2020-House-race-in-Iowa's-2nd-District,23208,Democratic,0.68,0.34,0.66,0.32,09/14/2020 04:35:37,Open
1496,6789,Which party will win the 2020 House race in Iowa's 2nd District?,https://www.predictit.org/markets/detail/6789/Which-party-will-win-the-2020-House-race-in-Iowa's-2nd-District,23208,Democratic,0.68,0.34,0.66,0.32,09/14/2020 04:38:26,Open
1497,6789,Which party will win the 2020 House race in Iowa's 2nd District?,https://www.predictit.org/markets/detail/6789/Which-party-will-win-the-2020-House-race-in-Iowa's-2nd-District,23208,Democratic,0.68,0.34,0.66,0.32,09/14/2020 04:41:13,Open
1498,6789,Which party will win the 2020 House race in Iowa's 2nd District?,https://www.predictit.org/markets/detail/6789/Which-party-will-win-the-2020-House-race-in-Iowa's-2nd-District,23208,Democratic,0.68,0.34,0.66,0.32,09/14/2020 04:44:01,Open
1499,6789,Which party will win the 2020 House race in Iowa's 2nd District?,https://www.predictit.org/markets/detail/6789/Which-party-will-win-the-2020-House-race-in-Iowa's-2nd-District,23208,Democratic,0.68,0.34,0.66,0.32,09/14/2020 04:46:49,Open
1500,6789,Which party will win the 2020 House race in Iowa's 2nd District?,https://www.predictit.org/markets/detail/6789/Which-party-will-win-the-2020-House-race-in-Iowa's-2nd-District,23208,Democratic,0.68,0.34,0.66,0.32,09/14/2020 04:49:43,Open
1501,6789,Which party will win the 2020 House race in Iowa's 2nd District?,https://www.predictit.org/markets/detail/6789/Which-party-will-win-the-2020-House-race-in-Iowa's-2nd-District,23208,Democratic,0.68,0.34,0.66,0.32,09/14/2020 04:52:28,Open
1502,6789,Which party will win the 2020 House race in Iowa's 2nd District?,https://www.predictit.org/markets/detail/6789/Which-party-will-win-the-2020-House-race-in-Iowa's-2nd-District,23208,Democratic,0.68,0.34,0.66,0.32,09/14/2020 04:55:16,Open
1503,6789,Which party will win the 2020 House race in Iowa's 2nd District?,https://www.predictit.org/markets/detail/6789/Which-party-will-win-the-2020-House-race-in-Iowa's-2nd-District,23208,Democratic,0.68,0.34,0.66,0.32,09/14/2020 04:58:02,Open
1504,6789,Which party will win the 2020 House race in Iowa's 2nd District?,https://www.predictit.org/markets/detail/6789/Which-party-will-win-the-2020-House-race-in-Iowa's-2nd-District,23208,Democratic,0.68,0.34,0.66,0.32,09/14/2020 05:00:53,Open
1505,6789,Which party will win the 2020 House race in Iowa's 2nd District?,https://www.predictit.org/markets/detail/6789/Which-party-will-win-the-2020-House-race-in-Iowa's-2nd-District,23208,Democratic,0.68,0.34,0.66,0.32,09/14/2020 05:03:38,Open
1506,6789,Which party will win the 2020 House race in Iowa's 2nd District?,https://www.predictit.org/markets/detail/6789/Which-party-will-win-the-2020-House-race-in-Iowa's-2nd-District,23208,Democratic,0.68,0.34,0.66,0.32,09/14/2020 05:06:26,Open
1507,6789,Which party will win the 2020 House race in Iowa's 2nd District?,https://www.predictit.org/markets/detail/6789/Which-party-will-win-the-2020-House-race-in-Iowa's-2nd-District,23208,Democratic,0.68,0.34,0.66,0.32,09/14/2020 05:09:13,Open
1508,6789,Which party will win the 2020 House race in Iowa's 2nd District?,https://www.predictit.org/markets/detail/6789/Which-party-will-win-the-2020-House-race-in-Iowa's-2nd-District,23208,Democratic,0.68,0.34,0.66,0.32,09/14/2020 05:12:01,Open
1509,6789,Which party will win the 2020 House race in Iowa's 2nd District?,https://www.predictit.org/markets/detail/6789/Which-party-will-win-the-2020-House-race-in-Iowa's-2nd-District,23208,Democratic,0.68,0.34,0.66,0.32,09/14/2020 05:14:48,Open
1510,6789,Which party will win the 2020 House race in Iowa's 2nd District?,https://www.predictit.org/markets/detail/6789/Which-party-will-win-the-2020-House-race-in-Iowa's-2nd-District,23208,Democratic,0.68,0.34,0.66,0.32,09/14/2020 05:17:38,Open
1511,6789,Which party will win the 2020 House race in Iowa's 2nd District?,https://www.predictit.org/markets/detail/6789/Which-party-will-win-the-2020-House-race-in-Iowa's-2nd-District,23208,Democratic,0.68,0.34,0.66,0.32,09/14/2020 05:20:27,Open
1512,6789,Which party will win the 2020 House race in Iowa's 2nd District?,https://www.predictit.org/markets/detail/6789/Which-party-will-win-the-2020-House-race-in-Iowa's-2nd-District,23208,Democratic,0.68,0.34,0.66,0.32,09/14/2020 05:23:11,Open
1513,6789,Which party will win the 2020 House race in Iowa's 2nd District?,https://www.predictit.org/markets/detail/6789/Which-party-will-win-the-2020-House-race-in-Iowa's-2nd-District,23208,Democratic,0.68,0.34,0.66,0.32,09/14/2020 05:25:58,Open
1514,6789,Which party will win the 2020 House race in Iowa's 2nd District?,https://www.predictit.org/markets/detail/6789/Which-party-will-win-the-2020-House-race-in-Iowa's-2nd-District,23208,Democratic,0.68,0.34,0.66,0.32,09/14/2020 05:28:44,Open
1515,6789,Which party will win the 2020 House race in Iowa's 2nd District?,https://www.predictit.org/markets/detail/6789/Which-party-will-win-the-2020-House-race-in-Iowa's-2nd-District,23208,Democratic,0.68,0.34,0.66,0.32,09/14/2020 05:31:36,Open
1516,6789,Which party will win the 2020 House race in Iowa's 2nd District?,https://www.predictit.org/markets/detail/6789/Which-party-will-win-the-2020-House-race-in-Iowa's-2nd-District,23208,Democratic,0.68,0.34,0.66,0.32,09/14/2020 05:34:23,Open
1517,6789,Which party will win the 2020 House race in Iowa's 2nd District?,https://www.predictit.org/markets/detail/6789/Which-party-will-win-the-2020-House-race-in-Iowa's-2nd-District,23208,Democratic,0.68,0.34,0.66,0.32,09/14/2020 05:37:12,Open
1518,6789,Which party will win the 2020 House race in Iowa's 2nd District?,https://www.predictit.org/markets/detail/6789/Which-party-will-win-the-2020-House-race-in-Iowa's-2nd-District,23208,Democratic,0.68,0.34,0.66,0.32,09/14/2020 05:40:01,Open
1519,6789,Which party will win the 2020 House race in Iowa's 2nd District?,https://www.predictit.org/markets/detail/6789/Which-party-will-win-the-2020-House-race-in-Iowa's-2nd-District,23208,Democratic,0.68,0.34,0.66,0.32,09/14/2020 05:42:51,Open
1520,6789,Which party will win the 2020 House race in Iowa's 2nd District?,https://www.predictit.org/markets/detail/6789/Which-party-will-win-the-2020-House-race-in-Iowa's-2nd-District,23208,Democratic,0.68,0.34,0.66,0.32,09/14/2020 05:45:39,Open
1521,6789,Which party will win the 2020 House race in Iowa's 2nd District?,https://www.predictit.org/markets/detail/6789/Which-party-will-win-the-2020-House-race-in-Iowa's-2nd-District,23208,Democratic,0.68,0.34,0.66,0.32,09/14/2020 05:48:30,Open
1522,6789,Which party will win the 2020 House race in Iowa's 2nd District?,https://www.predictit.org/markets/detail/6789/Which-party-will-win-the-2020-House-race-in-Iowa's-2nd-District,23208,Democratic,0.68,0.34,0.66,0.32,09/14/2020 05:51:18,Open
1523,6789,Which party will win the 2020 House race in Iowa's 2nd District?,https://www.predictit.org/markets/detail/6789/Which-party-will-win-the-2020-House-race-in-Iowa's-2nd-District,23208,Democratic,0.68,0.34,0.66,0.32,09/14/2020 05:54:07,Open
1524,6789,Which party will win the 2020 House race in Iowa's 2nd District?,https://www.predictit.org/markets/detail/6789/Which-party-will-win-the-2020-House-race-in-Iowa's-2nd-District,23208,Democratic,0.68,0.34,0.66,0.32,09/14/2020 05:56:55,Open
1525,6789,Which party will win the 2020 House race in Iowa's 2nd District?,https://www.predictit.org/markets/detail/6789/Which-party-will-win-the-2020-House-race-in-Iowa's-2nd-District,23208,Democratic,0.68,0.34,0.66,0.32,09/14/2020 05:59:48,Open
1526,6789,Which party will win the 2020 House race in Iowa's 2nd District?,https://www.predictit.org/markets/detail/6789/Which-party-will-win-the-2020-House-race-in-Iowa's-2nd-District,23208,Democratic,0.68,0.34,0.66,0.32,09/14/2020 06:02:39,Open
1527,6789,Which party will win the 2020 House race in Iowa's 2nd District?,https://www.predictit.org/markets/detail/6789/Which-party-will-win-the-2020-House-race-in-Iowa's-2nd-District,23208,Democratic,0.68,0.34,0.66,0.32,09/14/2020 06:05:31,Open
1528,6789,Which party will win the 2020 House race in Iowa's 2nd District?,https://www.predictit.org/markets/detail/6789/Which-party-will-win-the-2020-House-race-in-Iowa's-2nd-District,23208,Democratic,0.68,0.34,0.66,0.32,09/14/2020 06:08:22,Open
1529,6789,Which party will win the 2020 House race in Iowa's 2nd District?,https://www.predictit.org/markets/detail/6789/Which-party-will-win-the-2020-House-race-in-Iowa's-2nd-District,23208,Democratic,0.68,0.34,0.66,0.32,09/14/2020 06:11:13,Open
1530,6789,Which party will win the 2020 House race in Iowa's 2nd District?,https://www.predictit.org/markets/detail/6789/Which-party-will-win-the-2020-House-race-in-Iowa's-2nd-District,23208,Democratic,0.68,0.34,0.66,0.32,09/14/2020 06:14:01,Open
1531,6789,Which party will win the 2020 House race in Iowa's 2nd District?,https://www.predictit.org/markets/detail/6789/Which-party-will-win-the-2020-House-race-in-Iowa's-2nd-District,23208,Democratic,0.68,0.34,0.66,0.32,09/14/2020 06:16:54,Open
1532,6789,Which party will win the 2020 House race in Iowa's 2nd District?,https://www.predictit.org/markets/detail/6789/Which-party-will-win-the-2020-House-race-in-Iowa's-2nd-District,23208,Democratic,0.68,0.34,0.66,0.32,09/14/2020 06:19:46,Open
1533,6789,Which party will win the 2020 House race in Iowa's 2nd District?,https://www.predictit.org/markets/detail/6789/Which-party-will-win-the-2020-House-race-in-Iowa's-2nd-District,23208,Democratic,0.68,0.34,0.66,0.32,09/14/2020 06:22:38,Open
1534,6789,Which party will win the 2020 House race in Iowa's 2nd District?,https://www.predictit.org/markets/detail/6789/Which-party-will-win-the-2020-House-race-in-Iowa's-2nd-District,23208,Democratic,0.68,0.34,0.66,0.32,09/14/2020 06:25:32,Open
1535,6789,Which party will win the 2020 House race in Iowa's 2nd District?,https://www.predictit.org/markets/detail/6789/Which-party-will-win-the-2020-House-race-in-Iowa's-2nd-District,23208,Democratic,0.68,0.34,0.66,0.32,09/14/2020 06:28:35,Open
1536,6789,Which party will win the 2020 House race in Iowa's 2nd District?,https://www.predictit.org/markets/detail/6789/Which-party-will-win-the-2020-House-race-in-Iowa's-2nd-District,23208,Democratic,0.68,0.34,0.66,0.32,09/14/2020 06:31:30,Open
1537,6789,Which party will win the 2020 House race in Iowa's 2nd District?,https://www.predictit.org/markets/detail/6789/Which-party-will-win-the-2020-House-race-in-Iowa's-2nd-District,23208,Democratic,0.68,0.34,0.66,0.32,09/14/2020 06:34:20,Open
1538,6789,Which party will win the 2020 House race in Iowa's 2nd District?,https://www.predictit.org/markets/detail/6789/Which-party-will-win-the-2020-House-race-in-Iowa's-2nd-District,23208,Democratic,0.68,0.34,0.66,0.32,09/14/2020 06:37:13,Open
1539,6789,Which party will win the 2020 House race in Iowa's 2nd District?,https://www.predictit.org/markets/detail/6789/Which-party-will-win-the-2020-House-race-in-Iowa's-2nd-District,23208,Democratic,0.68,0.34,0.66,0.32,09/14/2020 06:40:03,Open
1540,6789,Which party will win the 2020 House race in Iowa's 2nd District?,https://www.predictit.org/markets/detail/6789/Which-party-will-win-the-2020-House-race-in-Iowa's-2nd-District,23208,Democratic,0.68,0.34,0.66,0.32,09/14/2020 06:42:55,Open
1541,6789,Which party will win the 2020 House race in Iowa's 2nd District?,https://www.predictit.org/markets/detail/6789/Which-party-will-win-the-2020-House-race-in-Iowa's-2nd-District,23208,Democratic,0.68,0.34,0.66,0.32,09/14/2020 06:45:46,Open
1542,6789,Which party will win the 2020 House race in Iowa's 2nd District?,https://www.predictit.org/markets/detail/6789/Which-party-will-win-the-2020-House-race-in-Iowa's-2nd-District,23208,Democratic,0.68,0.34,0.66,0.32,09/14/2020 06:48:41,Open
1543,6789,Which party will win the 2020 House race in Iowa's 2nd District?,https://www.predictit.org/markets/detail/6789/Which-party-will-win-the-2020-House-race-in-Iowa's-2nd-District,23208,Democratic,0.68,0.34,0.66,0.32,09/14/2020 06:51:40,Open
1544,6789,Which party will win the 2020 House race in Iowa's 2nd District?,https://www.predictit.org/markets/detail/6789/Which-party-will-win-the-2020-House-race-in-Iowa's-2nd-District,23208,Democratic,0.68,0.34,0.66,0.32,09/14/2020 06:54:35,Open
1545,6789,Which party will win the 2020 House race in Iowa's 2nd District?,https://www.predictit.org/markets/detail/6789/Which-party-will-win-the-2020-House-race-in-Iowa's-2nd-District,23208,Democratic,0.68,0.34,0.66,0.32,09/14/2020 06:57:26,Open
1546,6789,Which party will win the 2020 House race in Iowa's 2nd District?,https://www.predictit.org/markets/detail/6789/Which-party-will-win-the-2020-House-race-in-Iowa's-2nd-District,23208,Democratic,0.68,0.34,0.66,0.32,09/14/2020 07:00:23,Open
1547,6789,Which party will win the 2020 House race in Iowa's 2nd District?,https://www.predictit.org/markets/detail/6789/Which-party-will-win-the-2020-House-race-in-Iowa's-2nd-District,23208,Democratic,0.68,0.34,0.66,0.32,09/14/2020 07:03:13,Open
1548,6789,Which party will win the 2020 House race in Iowa's 2nd District?,https://www.predictit.org/markets/detail/6789/Which-party-will-win-the-2020-House-race-in-Iowa's-2nd-District,23208,Democratic,0.68,0.34,0.66,0.32,09/14/2020 07:06:03,Open
1549,6789,Which party will win the 2020 House race in Iowa's 2nd District?,https://www.predictit.org/markets/detail/6789/Which-party-will-win-the-2020-House-race-in-Iowa's-2nd-District,23208,Democratic,0.68,0.34,0.66,0.32,09/14/2020 07:08:55,Open
1550,6789,Which party will win the 2020 House race in Iowa's 2nd District?,https://www.predictit.org/markets/detail/6789/Which-party-will-win-the-2020-House-race-in-Iowa's-2nd-District,23208,Democratic,0.68,0.34,0.66,0.32,09/14/2020 07:11:48,Open
1551,6789,Which party will win the 2020 House race in Iowa's 2nd District?,https://www.predictit.org/markets/detail/6789/Which-party-will-win-the-2020-House-race-in-Iowa's-2nd-District,23208,Democratic,0.68,0.34,0.66,0.32,09/14/2020 07:14:43,Open
1552,6789,Which party will win the 2020 House race in Iowa's 2nd District?,https://www.predictit.org/markets/detail/6789/Which-party-will-win-the-2020-House-race-in-Iowa's-2nd-District,23208,Democratic,0.68,0.34,0.66,0.32,09/14/2020 07:17:34,Open
1553,6789,Which party will win the 2020 House race in Iowa's 2nd District?,https://www.predictit.org/markets/detail/6789/Which-party-will-win-the-2020-House-race-in-Iowa's-2nd-District,23208,Democratic,0.68,0.34,0.66,0.32,09/14/2020 07:20:32,Open
1554,6789,Which party will win the 2020 House race in Iowa's 2nd District?,https://www.predictit.org/markets/detail/6789/Which-party-will-win-the-2020-House-race-in-Iowa's-2nd-District,23208,Democratic,0.68,0.34,0.66,0.32,09/14/2020 07:23:26,Open
1555,6789,Which party will win the 2020 House race in Iowa's 2nd District?,https://www.predictit.org/markets/detail/6789/Which-party-will-win-the-2020-House-race-in-Iowa's-2nd-District,23208,Democratic,0.68,0.34,0.66,0.32,09/14/2020 07:26:19,Open
1556,6789,Which party will win the 2020 House race in Iowa's 2nd District?,https://www.predictit.org/markets/detail/6789/Which-party-will-win-the-2020-House-race-in-Iowa's-2nd-District,23208,Democratic,0.68,0.34,0.66,0.32,09/14/2020 07:29:12,Open
1557,6789,Which party will win the 2020 House race in Iowa's 2nd District?,https://www.predictit.org/markets/detail/6789/Which-party-will-win-the-2020-House-race-in-Iowa's-2nd-District,23208,Democratic,0.68,0.34,0.66,0.32,09/14/2020 07:32:07,Open
1558,6789,Which party will win the 2020 House race in Iowa's 2nd District?,https://www.predictit.org/markets/detail/6789/Which-party-will-win-the-2020-House-race-in-Iowa's-2nd-District,23208,Democratic,0.68,0.34,0.66,0.32,09/14/2020 07:34:59,Open
1559,6789,Which party will win the 2020 House race in Iowa's 2nd District?,https://www.predictit.org/markets/detail/6789/Which-party-will-win-the-2020-House-race-in-Iowa's-2nd-District,23208,Democratic,0.68,0.34,0.66,0.32,09/14/2020 07:37:52,Open
1560,6789,Which party will win the 2020 House race in Iowa's 2nd District?,https://www.predictit.org/markets/detail/6789/Which-party-will-win-the-2020-House-race-in-Iowa's-2nd-District,23208,Democratic,0.68,0.34,0.66,0.32,09/14/2020 07:40:46,Open
1561,6789,Which party will win the 2020 House race in Iowa's 2nd District?,https://www.predictit.org/markets/detail/6789/Which-party-will-win-the-2020-House-race-in-Iowa's-2nd-District,23208,Democratic,0.68,0.34,0.66,0.32,09/14/2020 07:43:42,Open
1562,6789,Which party will win the 2020 House race in Iowa's 2nd District?,https://www.predictit.org/markets/detail/6789/Which-party-will-win-the-2020-House-race-in-Iowa's-2nd-District,23208,Democratic,0.68,0.34,0.66,0.32,09/14/2020 07:46:34,Open
1563,6789,Which party will win the 2020 House race in Iowa's 2nd District?,https://www.predictit.org/markets/detail/6789/Which-party-will-win-the-2020-House-race-in-Iowa's-2nd-District,23208,Democratic,0.68,0.34,0.66,0.32,09/14/2020 07:49:25,Open
1564,6789,Which party will win the 2020 House race in Iowa's 2nd District?,https://www.predictit.org/markets/detail/6789/Which-party-will-win-the-2020-House-race-in-Iowa's-2nd-District,23208,Democratic,0.68,0.34,0.66,0.32,09/14/2020 07:52:19,Open
1565,6789,Which party will win the 2020 House race in Iowa's 2nd District?,https://www.predictit.org/markets/detail/6789/Which-party-will-win-the-2020-House-race-in-Iowa's-2nd-District,23208,Democratic,0.68,0.34,0.66,0.32,09/14/2020 07:55:09,Open
1566,6789,Which party will win the 2020 House race in Iowa's 2nd District?,https://www.predictit.org/markets/detail/6789/Which-party-will-win-the-2020-House-race-in-Iowa's-2nd-District,23208,Democratic,0.68,0.34,0.66,0.32,09/14/2020 07:58:00,Open
1567,6789,Which party will win the 2020 House race in Iowa's 2nd District?,https://www.predictit.org/markets/detail/6789/Which-party-will-win-the-2020-House-race-in-Iowa's-2nd-District,23208,Democratic,0.68,0.34,0.66,0.32,09/14/2020 08:00:53,Open
1568,6789,Which party will win the 2020 House race in Iowa's 2nd District?,https://www.predictit.org/markets/detail/6789/Which-party-will-win-the-2020-House-race-in-Iowa's-2nd-District,23208,Democratic,0.68,0.34,0.66,0.32,09/14/2020 08:03:46,Open
1569,6789,Which party will win the 2020 House race in Iowa's 2nd District?,https://www.predictit.org/markets/detail/6789/Which-party-will-win-the-2020-House-race-in-Iowa's-2nd-District,23208,Democratic,0.68,0.34,0.66,0.32,09/14/2020 08:06:39,Open
1570,6789,Which party will win the 2020 House race in Iowa's 2nd District?,https://www.predictit.org/markets/detail/6789/Which-party-will-win-the-2020-House-race-in-Iowa's-2nd-District,23208,Democratic,0.68,0.34,0.66,0.32,09/14/2020 08:09:32,Open
1571,6789,Which party will win the 2020 House race in Iowa's 2nd District?,https://www.predictit.org/markets/detail/6789/Which-party-will-win-the-2020-House-race-in-Iowa's-2nd-District,23208,Democratic,0.68,0.34,0.66,0.32,09/14/2020 08:12:24,Open
1572,6789,Which party will win the 2020 House race in Iowa's 2nd District?,https://www.predictit.org/markets/detail/6789/Which-party-will-win-the-2020-House-race-in-Iowa's-2nd-District,23208,Democratic,0.68,0.34,0.66,0.32,09/14/2020 08:15:16,Open
1573,6789,Which party will win the 2020 House race in Iowa's 2nd District?,https://www.predictit.org/markets/detail/6789/Which-party-will-win-the-2020-House-race-in-Iowa's-2nd-District,23208,Democratic,0.68,0.34,0.66,0.32,09/14/2020 08:18:11,Open
1574,6789,Which party will win the 2020 House race in Iowa's 2nd District?,https://www.predictit.org/markets/detail/6789/Which-party-will-win-the-2020-House-race-in-Iowa's-2nd-District,23208,Democratic,0.68,0.34,0.66,0.32,09/14/2020 08:21:08,Open
1575,6789,Which party will win the 2020 House race in Iowa's 2nd District?,https://www.predictit.org/markets/detail/6789/Which-party-will-win-the-2020-House-race-in-Iowa's-2nd-District,23208,Democratic,0.68,0.34,0.66,0.32,09/14/2020 08:24:00,Open
1576,6789,Which party will win the 2020 House race in Iowa's 2nd District?,https://www.predictit.org/markets/detail/6789/Which-party-will-win-the-2020-House-race-in-Iowa's-2nd-District,23208,Democratic,0.68,0.34,0.66,0.32,09/14/2020 08:26:57,Open
1577,6789,Which party will win the 2020 House race in Iowa's 2nd District?,https://www.predictit.org/markets/detail/6789/Which-party-will-win-the-2020-House-race-in-Iowa's-2nd-District,23208,Democratic,0.68,0.34,0.66,0.32,09/14/2020 08:29:52,Open
1578,6789,Which party will win the 2020 House race in Iowa's 2nd District?,https://www.predictit.org/markets/detail/6789/Which-party-will-win-the-2020-House-race-in-Iowa's-2nd-District,23208,Democratic,0.68,0.34,0.66,0.32,09/14/2020 08:32:49,Open
1579,6789,Which party will win the 2020 House race in Iowa's 2nd District?,https://www.predictit.org/markets/detail/6789/Which-party-will-win-the-2020-House-race-in-Iowa's-2nd-District,23208,Democratic,0.68,0.34,0.66,0.32,09/14/2020 08:35:45,Open
1580,6789,Which party will win the 2020 House race in Iowa's 2nd District?,https://www.predictit.org/markets/detail/6789/Which-party-will-win-the-2020-House-race-in-Iowa's-2nd-District,23208,Democratic,0.68,0.34,0.66,0.32,09/14/2020 08:38:35,Open
1581,6789,Which party will win the 2020 House race in Iowa's 2nd District?,https://www.predictit.org/markets/detail/6789/Which-party-will-win-the-2020-House-race-in-Iowa's-2nd-District,23208,Democratic,0.68,0.34,0.66,0.32,09/14/2020 08:41:32,Open
1582,6789,Which party will win the 2020 House race in Iowa's 2nd District?,https://www.predictit.org/markets/detail/6789/Which-party-will-win-the-2020-House-race-in-Iowa's-2nd-District,23208,Democratic,0.68,0.34,0.66,0.32,09/14/2020 08:44:24,Open
1583,6789,Which party will win the 2020 House race in Iowa's 2nd District?,https://www.predictit.org/markets/detail/6789/Which-party-will-win-the-2020-House-race-in-Iowa's-2nd-District,23208,Democratic,0.68,0.34,0.66,0.32,09/14/2020 08:47:18,Open
1584,6789,Which party will win the 2020 House race in Iowa's 2nd District?,https://www.predictit.org/markets/detail/6789/Which-party-will-win-the-2020-House-race-in-Iowa's-2nd-District,23208,Democratic,0.68,0.34,0.66,0.32,09/14/2020 08:50:12,Open
1585,6789,Which party will win the 2020 House race in Iowa's 2nd District?,https://www.predictit.org/markets/detail/6789/Which-party-will-win-the-2020-House-race-in-Iowa's-2nd-District,23208,Democratic,0.68,0.34,0.66,0.32,09/14/2020 08:53:12,Open
1586,6789,Which party will win the 2020 House race in Iowa's 2nd District?,https://www.predictit.org/markets/detail/6789/Which-party-will-win-the-2020-House-race-in-Iowa's-2nd-District,23208,Democratic,0.68,0.34,0.66,0.32,09/14/2020 08:56:07,Open
1587,6789,Which party will win the 2020 House race in Iowa's 2nd District?,https://www.predictit.org/markets/detail/6789/Which-party-will-win-the-2020-House-race-in-Iowa's-2nd-District,23208,Democratic,0.68,0.34,0.66,0.32,09/14/2020 08:59:02,Open
1588,6789,Which party will win the 2020 House race in Iowa's 2nd District?,https://www.predictit.org/markets/detail/6789/Which-party-will-win-the-2020-House-race-in-Iowa's-2nd-District,23208,Democratic,0.68,0.34,0.66,0.32,09/14/2020 09:01:58,Open
1589,6789,Which party will win the 2020 House race in Iowa's 2nd District?,https://www.predictit.org/markets/detail/6789/Which-party-will-win-the-2020-House-race-in-Iowa's-2nd-District,23208,Democratic,0.68,0.34,0.66,0.32,09/14/2020 09:04:54,Open
1590,6789,Which party will win the 2020 House race in Iowa's 2nd District?,https://www.predictit.org/markets/detail/6789/Which-party-will-win-the-2020-House-race-in-Iowa's-2nd-District,23208,Democratic,0.68,0.34,0.66,0.32,09/14/2020 09:07:49,Open
1591,6789,Which party will win the 2020 House race in Iowa's 2nd District?,https://www.predictit.org/markets/detail/6789/Which-party-will-win-the-2020-House-race-in-Iowa's-2nd-District,23208,Democratic,0.68,0.34,0.66,0.32,09/14/2020 09:10:42,Open
1592,6789,Which party will win the 2020 House race in Iowa's 2nd District?,https://www.predictit.org/markets/detail/6789/Which-party-will-win-the-2020-House-race-in-Iowa's-2nd-District,23208,Democratic,0.68,0.34,0.66,0.32,09/14/2020 09:13:37,Open
1593,6789,Which party will win the 2020 House race in Iowa's 2nd District?,https://www.predictit.org/markets/detail/6789/Which-party-will-win-the-2020-House-race-in-Iowa's-2nd-District,23208,Democratic,0.68,0.34,0.66,0.32,09/14/2020 09:16:30,Open
1594,6789,Which party will win the 2020 House race in Iowa's 2nd District?,https://www.predictit.org/markets/detail/6789/Which-party-will-win-the-2020-House-race-in-Iowa's-2nd-District,23208,Democratic,0.68,0.34,0.66,0.32,09/14/2020 09:19:27,Open
1595,6789,Which party will win the 2020 House race in Iowa's 2nd District?,https://www.predictit.org/markets/detail/6789/Which-party-will-win-the-2020-House-race-in-Iowa's-2nd-District,23208,Democratic,0.68,0.34,0.66,0.32,09/14/2020 09:22:23,Open
1596,6789,Which party will win the 2020 House race in Iowa's 2nd District?,https://www.predictit.org/markets/detail/6789/Which-party-will-win-the-2020-House-race-in-Iowa's-2nd-District,23208,Democratic,0.68,0.34,0.66,0.32,09/14/2020 09:25:20,Open
1597,6789,Which party will win the 2020 House race in Iowa's 2nd District?,https://www.predictit.org/markets/detail/6789/Which-party-will-win-the-2020-House-race-in-Iowa's-2nd-District,23208,Democratic,0.68,0.34,0.66,0.32,09/14/2020 09:28:14,Open
1598,6789,Which party will win the 2020 House race in Iowa's 2nd District?,https://www.predictit.org/markets/detail/6789/Which-party-will-win-the-2020-House-race-in-Iowa's-2nd-District,23208,Democratic,0.68,0.34,0.66,0.32,09/14/2020 09:31:09,Open
1599,6789,Which party will win the 2020 House race in Iowa's 2nd District?,https://www.predictit.org/markets/detail/6789/Which-party-will-win-the-2020-House-race-in-Iowa's-2nd-District,23208,Democratic,0.68,0.34,0.66,0.32,09/14/2020 09:34:02,Open
1600,6789,Which party will win the 2020 House race in Iowa's 2nd District?,https://www.predictit.org/markets/detail/6789/Which-party-will-win-the-2020-House-race-in-Iowa's-2nd-District,23208,Democratic,0.68,0.34,0.66,0.32,09/14/2020 09:36:58,Open
1601,6789,Which party will win the 2020 House race in Iowa's 2nd District?,https://www.predictit.org/markets/detail/6789/Which-party-will-win-the-2020-House-race-in-Iowa's-2nd-District,23208,Democratic,0.68,0.34,0.66,0.32,09/14/2020 09:39:51,Open
1602,6789,Which party will win the 2020 House race in Iowa's 2nd District?,https://www.predictit.org/markets/detail/6789/Which-party-will-win-the-2020-House-race-in-Iowa's-2nd-District,23208,Democratic,0.68,0.34,0.66,0.32,09/14/2020 09:42:48,Open
1603,6789,Which party will win the 2020 House race in Iowa's 2nd District?,https://www.predictit.org/markets/detail/6789/Which-party-will-win-the-2020-House-race-in-Iowa's-2nd-District,23208,Democratic,0.68,0.34,0.66,0.32,09/14/2020 09:45:41,Open
1604,6789,Which party will win the 2020 House race in Iowa's 2nd District?,https://www.predictit.org/markets/detail/6789/Which-party-will-win-the-2020-House-race-in-Iowa's-2nd-District,23208,Democratic,0.68,0.34,0.66,0.32,09/14/2020 09:48:36,Open
1605,6789,Which party will win the 2020 House race in Iowa's 2nd District?,https://www.predictit.org/markets/detail/6789/Which-party-will-win-the-2020-House-race-in-Iowa's-2nd-District,23208,Democratic,0.68,0.34,0.66,0.32,09/14/2020 09:51:32,Open
1606,6789,Which party will win the 2020 House race in Iowa's 2nd District?,https://www.predictit.org/markets/detail/6789/Which-party-will-win-the-2020-House-race-in-Iowa's-2nd-District,23208,Democratic,0.68,0.34,0.66,0.32,09/14/2020 09:54:28,Open
1607,6789,Which party will win the 2020 House race in Iowa's 2nd District?,https://www.predictit.org/markets/detail/6789/Which-party-will-win-the-2020-House-race-in-Iowa's-2nd-District,23208,Democratic,0.68,0.34,0.66,0.32,09/14/2020 09:57:27,Open
1608,6789,Which party will win the 2020 House race in Iowa's 2nd District?,https://www.predictit.org/markets/detail/6789/Which-party-will-win-the-2020-House-race-in-Iowa's-2nd-District,23208,Democratic,0.68,0.34,0.66,0.32,09/14/2020 10:00:23,Open
1609,6789,Which party will win the 2020 House race in Iowa's 2nd District?,https://www.predictit.org/markets/detail/6789/Which-party-will-win-the-2020-House-race-in-Iowa's-2nd-District,23208,Democratic,0.68,0.34,0.66,0.32,09/14/2020 10:03:22,Open
1610,6789,Which party will win the 2020 House race in Iowa's 2nd District?,https://www.predictit.org/markets/detail/6789/Which-party-will-win-the-2020-House-race-in-Iowa's-2nd-District,23208,Democratic,0.68,0.34,0.66,0.32,09/14/2020 10:06:16,Open
1611,6789,Which party will win the 2020 House race in Iowa's 2nd District?,https://www.predictit.org/markets/detail/6789/Which-party-will-win-the-2020-House-race-in-Iowa's-2nd-District,23208,Democratic,0.68,0.34,0.66,0.32,09/14/2020 10:09:10,Open
1612,6789,Which party will win the 2020 House race in Iowa's 2nd District?,https://www.predictit.org/markets/detail/6789/Which-party-will-win-the-2020-House-race-in-Iowa's-2nd-District,23208,Democratic,0.68,0.34,0.66,0.32,09/14/2020 10:12:04,Open
1613,6789,Which party will win the 2020 House race in Iowa's 2nd District?,https://www.predictit.org/markets/detail/6789/Which-party-will-win-the-2020-House-race-in-Iowa's-2nd-District,23208,Democratic,0.68,0.34,0.66,0.32,09/14/2020 10:15:05,Open
1614,6789,Which party will win the 2020 House race in Iowa's 2nd District?,https://www.predictit.org/markets/detail/6789/Which-party-will-win-the-2020-House-race-in-Iowa's-2nd-District,23208,Democratic,0.68,0.34,0.66,0.32,09/14/2020 10:18:01,Open
1615,6789,Which party will win the 2020 House race in Iowa's 2nd District?,https://www.predictit.org/markets/detail/6789/Which-party-will-win-the-2020-House-race-in-Iowa's-2nd-District,23208,Democratic,0.68,0.34,0.66,0.32,09/14/2020 10:21:00,Open
1616,6789,Which party will win the 2020 House race in Iowa's 2nd District?,https://www.predictit.org/markets/detail/6789/Which-party-will-win-the-2020-House-race-in-Iowa's-2nd-District,23208,Democratic,0.68,0.34,0.66,0.32,09/14/2020 10:23:56,Open
1617,6789,Which party will win the 2020 House race in Iowa's 2nd District?,https://www.predictit.org/markets/detail/6789/Which-party-will-win-the-2020-House-race-in-Iowa's-2nd-District,23208,Democratic,0.68,0.34,0.66,0.32,09/14/2020 10:26:48,Open
1618,6789,Which party will win the 2020 House race in Iowa's 2nd District?,https://www.predictit.org/markets/detail/6789/Which-party-will-win-the-2020-House-race-in-Iowa's-2nd-District,23208,Democratic,0.68,0.34,0.66,0.32,09/14/2020 10:29:44,Open
1619,6789,Which party will win the 2020 House race in Iowa's 2nd District?,https://www.predictit.org/markets/detail/6789/Which-party-will-win-the-2020-House-race-in-Iowa's-2nd-District,23208,Democratic,0.68,0.34,0.66,0.32,09/14/2020 10:32:39,Open
1620,6789,Which party will win the 2020 House race in Iowa's 2nd District?,https://www.predictit.org/markets/detail/6789/Which-party-will-win-the-2020-House-race-in-Iowa's-2nd-District,23208,Democratic,0.68,0.34,0.66,0.32,09/14/2020 10:35:36,Open
1621,6789,Which party will win the 2020 House race in Iowa's 2nd District?,https://www.predictit.org/markets/detail/6789/Which-party-will-win-the-2020-House-race-in-Iowa's-2nd-District,23208,Democratic,0.68,0.34,0.66,0.32,09/14/2020 10:38:27,Open
1622,6789,Which party will win the 2020 House race in Iowa's 2nd District?,https://www.predictit.org/markets/detail/6789/Which-party-will-win-the-2020-House-race-in-Iowa's-2nd-District,23208,Democratic,0.68,0.34,0.66,0.32,09/14/2020 10:41:21,Open
1623,6789,Which party will win the 2020 House race in Iowa's 2nd District?,https://www.predictit.org/markets/detail/6789/Which-party-will-win-the-2020-House-race-in-Iowa's-2nd-District,23208,Democratic,0.68,0.34,0.66,0.32,09/14/2020 10:44:15,Open
1624,6789,Which party will win the 2020 House race in Iowa's 2nd District?,https://www.predictit.org/markets/detail/6789/Which-party-will-win-the-2020-House-race-in-Iowa's-2nd-District,23208,Democratic,0.68,0.34,0.66,0.32,09/14/2020 10:47:11,Open
1625,6789,Which party will win the 2020 House race in Iowa's 2nd District?,https://www.predictit.org/markets/detail/6789/Which-party-will-win-the-2020-House-race-in-Iowa's-2nd-District,23208,Democratic,0.68,0.34,0.66,0.32,09/14/2020 10:50:05,Open
1626,6789,Which party will win the 2020 House race in Iowa's 2nd District?,https://www.predictit.org/markets/detail/6789/Which-party-will-win-the-2020-House-race-in-Iowa's-2nd-District,23208,Democratic,0.68,0.34,0.66,0.32,09/14/2020 10:53:03,Open
1627,6789,Which party will win the 2020 House race in Iowa's 2nd District?,https://www.predictit.org/markets/detail/6789/Which-party-will-win-the-2020-House-race-in-Iowa's-2nd-District,23208,Democratic,0.68,0.34,0.66,0.32,09/14/2020 10:55:58,Open
1628,6789,Which party will win the 2020 House race in Iowa's 2nd District?,https://www.predictit.org/markets/detail/6789/Which-party-will-win-the-2020-House-race-in-Iowa's-2nd-District,23208,Democratic,0.68,0.34,0.66,0.32,09/14/2020 10:58:53,Open
1629,6789,Which party will win the 2020 House race in Iowa's 2nd District?,https://www.predictit.org/markets/detail/6789/Which-party-will-win-the-2020-House-race-in-Iowa's-2nd-District,23208,Democratic,0.68,0.34,0.66,0.32,09/14/2020 11:01:47,Open
1630,6789,Which party will win the 2020 House race in Iowa's 2nd District?,https://www.predictit.org/markets/detail/6789/Which-party-will-win-the-2020-House-race-in-Iowa's-2nd-District,23208,Democratic,0.68,0.34,0.66,0.32,09/14/2020 11:04:46,Open
1631,6789,Which party will win the 2020 House race in Iowa's 2nd District?,https://www.predictit.org/markets/detail/6789/Which-party-will-win-the-2020-House-race-in-Iowa's-2nd-District,23208,Democratic,0.68,0.34,0.66,0.32,09/14/2020 11:07:43,Open
1632,6789,Which party will win the 2020 House race in Iowa's 2nd District?,https://www.predictit.org/markets/detail/6789/Which-party-will-win-the-2020-House-race-in-Iowa's-2nd-District,23208,Democratic,0.68,0.34,0.66,0.32,09/14/2020 11:10:37,Open
1633,6789,Which party will win the 2020 House race in Iowa's 2nd District?,https://www.predictit.org/markets/detail/6789/Which-party-will-win-the-2020-House-race-in-Iowa's-2nd-District,23208,Democratic,0.68,0.34,0.66,0.32,09/14/2020 11:13:34,Open
1634,6789,Which party will win the 2020 House race in Iowa's 2nd District?,https://www.predictit.org/markets/detail/6789/Which-party-will-win-the-2020-House-race-in-Iowa's-2nd-District,23208,Democratic,0.68,0.34,0.66,0.32,09/14/2020 11:16:28,Open
1635,6789,Which party will win the 2020 House race in Iowa's 2nd District?,https://www.predictit.org/markets/detail/6789/Which-party-will-win-the-2020-House-race-in-Iowa's-2nd-District,23208,Democratic,0.68,0.34,0.66,0.32,09/14/2020 11:19:25,Open
1636,6789,Which party will win the 2020 House race in Iowa's 2nd District?,https://www.predictit.org/markets/detail/6789/Which-party-will-win-the-2020-House-race-in-Iowa's-2nd-District,23208,Democratic,0.68,0.34,0.66,0.32,09/14/2020 11:22:23,Open
1637,6789,Which party will win the 2020 House race in Iowa's 2nd District?,https://www.predictit.org/markets/detail/6789/Which-party-will-win-the-2020-House-race-in-Iowa's-2nd-District,23208,Democratic,0.68,0.34,0.66,0.32,09/14/2020 11:25:25,Open
1638,6789,Which party will win the 2020 House race in Iowa's 2nd District?,https://www.predictit.org/markets/detail/6789/Which-party-will-win-the-2020-House-race-in-Iowa's-2nd-District,23208,Democratic,0.68,0.34,0.66,0.32,09/14/2020 11:28:25,Open
1639,6789,Which party will win the 2020 House race in Iowa's 2nd District?,https://www.predictit.org/markets/detail/6789/Which-party-will-win-the-2020-House-race-in-Iowa's-2nd-District,23208,Democratic,0.68,0.34,0.66,0.32,09/14/2020 11:31:21,Open
1640,6789,Which party will win the 2020 House race in Iowa's 2nd District?,https://www.predictit.org/markets/detail/6789/Which-party-will-win-the-2020-House-race-in-Iowa's-2nd-District,23208,Democratic,0.68,0.34,0.66,0.32,09/14/2020 11:34:20,Open
1641,6789,Which party will win the 2020 House race in Iowa's 2nd District?,https://www.predictit.org/markets/detail/6789/Which-party-will-win-the-2020-House-race-in-Iowa's-2nd-District,23208,Democratic,0.68,0.34,0.66,0.32,09/14/2020 11:37:20,Open
1642,6789,Which party will win the 2020 House race in Iowa's 2nd District?,https://www.predictit.org/markets/detail/6789/Which-party-will-win-the-2020-House-race-in-Iowa's-2nd-District,23208,Democratic,0.68,0.34,0.66,0.32,09/14/2020 11:40:18,Open
1643,6789,Which party will win the 2020 House race in Iowa's 2nd District?,https://www.predictit.org/markets/detail/6789/Which-party-will-win-the-2020-House-race-in-Iowa's-2nd-District,23208,Democratic,0.68,0.34,0.66,0.32,09/14/2020 11:43:13,Open
1644,6789,Which party will win the 2020 House race in Iowa's 2nd District?,https://www.predictit.org/markets/detail/6789/Which-party-will-win-the-2020-House-race-in-Iowa's-2nd-District,23208,Democratic,0.68,0.34,0.66,0.32,09/14/2020 11:46:11,Open
1645,6789,Which party will win the 2020 House race in Iowa's 2nd District?,https://www.predictit.org/markets/detail/6789/Which-party-will-win-the-2020-House-race-in-Iowa's-2nd-District,23208,Democratic,0.68,0.34,0.66,0.32,09/14/2020 11:49:08,Open
1646,6789,Which party will win the 2020 House race in Iowa's 2nd District?,https://www.predictit.org/markets/detail/6789/Which-party-will-win-the-2020-House-race-in-Iowa's-2nd-District,23208,Democratic,0.68,0.34,0.66,0.32,09/14/2020 11:52:07,Open
1647,6789,Which party will win the 2020 House race in Iowa's 2nd District?,https://www.predictit.org/markets/detail/6789/Which-party-will-win-the-2020-House-race-in-Iowa's-2nd-District,23208,Democratic,0.68,0.34,0.66,0.32,09/14/2020 11:55:05,Open
1648,6789,Which party will win the 2020 House race in Iowa's 2nd District?,https://www.predictit.org/markets/detail/6789/Which-party-will-win-the-2020-House-race-in-Iowa's-2nd-District,23208,Democratic,0.68,0.34,0.66,0.32,09/14/2020 11:58:07,Open
1649,6789,Which party will win the 2020 House race in Iowa's 2nd District?,https://www.predictit.org/markets/detail/6789/Which-party-will-win-the-2020-House-race-in-Iowa's-2nd-District,23208,Democratic,0.68,0.34,0.66,0.32,09/14/2020 12:01:05,Open
1650,6789,Which party will win the 2020 House race in Iowa's 2nd District?,https://www.predictit.org/markets/detail/6789/Which-party-will-win-the-2020-House-race-in-Iowa's-2nd-District,23208,Democratic,0.68,0.34,0.66,0.32,09/14/2020 12:04:04,Open
1651,6789,Which party will win the 2020 House race in Iowa's 2nd District?,https://www.predictit.org/markets/detail/6789/Which-party-will-win-the-2020-House-race-in-Iowa's-2nd-District,23208,Democratic,0.68,0.34,0.66,0.32,09/14/2020 12:07:03,Open
1652,6789,Which party will win the 2020 House race in Iowa's 2nd District?,https://www.predictit.org/markets/detail/6789/Which-party-will-win-the-2020-House-race-in-Iowa's-2nd-District,23208,Democratic,0.68,0.34,0.66,0.32,09/14/2020 12:10:01,Open
1653,6789,Which party will win the 2020 House race in Iowa's 2nd District?,https://www.predictit.org/markets/detail/6789/Which-party-will-win-the-2020-House-race-in-Iowa's-2nd-District,23208,Democratic,0.68,0.34,0.66,0.32,09/14/2020 12:12:59,Open
1654,6789,Which party will win the 2020 House race in Iowa's 2nd District?,https://www.predictit.org/markets/detail/6789/Which-party-will-win-the-2020-House-race-in-Iowa's-2nd-District,23208,Democratic,0.68,0.34,0.66,0.32,09/14/2020 12:15:57,Open
1655,6789,Which party will win the 2020 House race in Iowa's 2nd District?,https://www.predictit.org/markets/detail/6789/Which-party-will-win-the-2020-House-race-in-Iowa's-2nd-District,23208,Democratic,0.68,0.34,0.66,0.32,09/14/2020 12:18:55,Open
1656,6789,Which party will win the 2020 House race in Iowa's 2nd District?,https://www.predictit.org/markets/detail/6789/Which-party-will-win-the-2020-House-race-in-Iowa's-2nd-District,23208,Democratic,0.68,0.34,0.66,0.32,09/14/2020 12:21:52,Open
1657,6789,Which party will win the 2020 House race in Iowa's 2nd District?,https://www.predictit.org/markets/detail/6789/Which-party-will-win-the-2020-House-race-in-Iowa's-2nd-District,23208,Democratic,0.68,0.34,0.66,0.32,09/14/2020 12:24:57,Open
1658,6789,Which party will win the 2020 House race in Iowa's 2nd District?,https://www.predictit.org/markets/detail/6789/Which-party-will-win-the-2020-House-race-in-Iowa's-2nd-District,23208,Democratic,0.68,0.34,0.66,0.32,09/14/2020 12:27:57,Open
1659,6789,Which party will win the 2020 House race in Iowa's 2nd District?,https://www.predictit.org/markets/detail/6789/Which-party-will-win-the-2020-House-race-in-Iowa's-2nd-District,23208,Democratic,0.68,0.34,0.66,0.32,09/14/2020 12:30:53,Open
1660,6789,Which party will win the 2020 House race in Iowa's 2nd District?,https://www.predictit.org/markets/detail/6789/Which-party-will-win-the-2020-House-race-in-Iowa's-2nd-District,23208,Democratic,0.68,0.34,0.66,0.32,09/14/2020 12:33:52,Open
1661,6789,Which party will win the 2020 House race in Iowa's 2nd District?,https://www.predictit.org/markets/detail/6789/Which-party-will-win-the-2020-House-race-in-Iowa's-2nd-District,23208,Democratic,0.68,0.34,0.66,0.32,09/14/2020 12:36:49,Open
1662,6789,Which party will win the 2020 House race in Iowa's 2nd District?,https://www.predictit.org/markets/detail/6789/Which-party-will-win-the-2020-House-race-in-Iowa's-2nd-District,23208,Democratic,0.68,0.34,0.66,0.32,09/14/2020 12:39:50,Open
1663,6789,Which party will win the 2020 House race in Iowa's 2nd District?,https://www.predictit.org/markets/detail/6789/Which-party-will-win-the-2020-House-race-in-Iowa's-2nd-District,23208,Democratic,0.68,0.34,0.66,0.32,09/14/2020 12:42:46,Open
1664,6789,Which party will win the 2020 House race in Iowa's 2nd District?,https://www.predictit.org/markets/detail/6789/Which-party-will-win-the-2020-House-race-in-Iowa's-2nd-District,23208,Democratic,0.68,0.34,0.66,0.32,09/14/2020 12:45:47,Open
1665,6789,Which party will win the 2020 House race in Iowa's 2nd District?,https://www.predictit.org/markets/detail/6789/Which-party-will-win-the-2020-House-race-in-Iowa's-2nd-District,23208,Democratic,0.68,0.34,0.66,0.32,09/14/2020 12:48:44,Open
1666,6789,Which party will win the 2020 House race in Iowa's 2nd District?,https://www.predictit.org/markets/detail/6789/Which-party-will-win-the-2020-House-race-in-Iowa's-2nd-District,23208,Democratic,0.68,0.34,0.66,0.32,09/14/2020 12:51:42,Open
1667,6789,Which party will win the 2020 House race in Iowa's 2nd District?,https://www.predictit.org/markets/detail/6789/Which-party-will-win-the-2020-House-race-in-Iowa's-2nd-District,23208,Democratic,0.68,0.34,0.66,0.32,09/14/2020 12:54:41,Open
1668,6789,Which party will win the 2020 House race in Iowa's 2nd District?,https://www.predictit.org/markets/detail/6789/Which-party-will-win-the-2020-House-race-in-Iowa's-2nd-District,23208,Democratic,0.68,0.34,0.66,0.32,09/14/2020 12:57:46,Open
1669,6789,Which party will win the 2020 House race in Iowa's 2nd District?,https://www.predictit.org/markets/detail/6789/Which-party-will-win-the-2020-House-race-in-Iowa's-2nd-District,23208,Democratic,0.68,0.34,0.66,0.32,09/14/2020 13:00:46,Open
1670,6789,Which party will win the 2020 House race in Iowa's 2nd District?,https://www.predictit.org/markets/detail/6789/Which-party-will-win-the-2020-House-race-in-Iowa's-2nd-District,23208,Democratic,0.68,0.34,0.66,0.32,09/14/2020 13:03:42,Open
1671,6789,Which party will win the 2020 House race in Iowa's 2nd District?,https://www.predictit.org/markets/detail/6789/Which-party-will-win-the-2020-House-race-in-Iowa's-2nd-District,23208,Democratic,0.68,0.34,0.66,0.32,09/14/2020 13:06:44,Open
1672,6789,Which party will win the 2020 House race in Iowa's 2nd District?,https://www.predictit.org/markets/detail/6789/Which-party-will-win-the-2020-House-race-in-Iowa's-2nd-District,23208,Democratic,0.68,0.34,0.66,0.32,09/14/2020 13:09:44,Open
1673,6789,Which party will win the 2020 House race in Iowa's 2nd District?,https://www.predictit.org/markets/detail/6789/Which-party-will-win-the-2020-House-race-in-Iowa's-2nd-District,23208,Democratic,0.68,0.34,0.66,0.32,09/14/2020 13:12:42,Open
1674,6789,Which party will win the 2020 House race in Iowa's 2nd District?,https://www.predictit.org/markets/detail/6789/Which-party-will-win-the-2020-House-race-in-Iowa's-2nd-District,23208,Democratic,0.68,0.34,0.66,0.32,09/14/2020 13:15:40,Open
1675,6789,Which party will win the 2020 House race in Iowa's 2nd District?,https://www.predictit.org/markets/detail/6789/Which-party-will-win-the-2020-House-race-in-Iowa's-2nd-District,23208,Democratic,0.68,0.34,0.66,0.32,09/14/2020 13:18:37,Open
1676,6789,Which party will win the 2020 House race in Iowa's 2nd District?,https://www.predictit.org/markets/detail/6789/Which-party-will-win-the-2020-House-race-in-Iowa's-2nd-District,23208,Democratic,0.68,0.34,0.66,0.32,09/14/2020 13:21:31,Open
1677,6789,Which party will win the 2020 House race in Iowa's 2nd District?,https://www.predictit.org/markets/detail/6789/Which-party-will-win-the-2020-House-race-in-Iowa's-2nd-District,23208,Democratic,0.68,0.34,0.66,0.32,09/14/2020 13:24:32,Open
1678,6789,Which party will win the 2020 House race in Iowa's 2nd District?,https://www.predictit.org/markets/detail/6789/Which-party-will-win-the-2020-House-race-in-Iowa's-2nd-District,23208,Democratic,0.68,0.34,0.66,0.32,09/14/2020 13:27:32,Open
1679,6789,Which party will win the 2020 House race in Iowa's 2nd District?,https://www.predictit.org/markets/detail/6789/Which-party-will-win-the-2020-House-race-in-Iowa's-2nd-District,23208,Democratic,0.68,0.34,0.66,0.32,09/14/2020 13:30:31,Open
1680,6789,Which party will win the 2020 House race in Iowa's 2nd District?,https://www.predictit.org/markets/detail/6789/Which-party-will-win-the-2020-House-race-in-Iowa's-2nd-District,23208,Democratic,0.68,0.34,0.66,0.32,09/14/2020 13:33:33,Open
1681,6789,Which party will win the 2020 House race in Iowa's 2nd District?,https://www.predictit.org/markets/detail/6789/Which-party-will-win-the-2020-House-race-in-Iowa's-2nd-District,23208,Democratic,0.68,0.34,0.66,0.32,09/14/2020 13:36:35,Open
1682,6789,Which party will win the 2020 House race in Iowa's 2nd District?,https://www.predictit.org/markets/detail/6789/Which-party-will-win-the-2020-House-race-in-Iowa's-2nd-District,23208,Democratic,0.68,0.34,0.66,0.32,09/14/2020 13:39:36,Open
1683,6789,Which party will win the 2020 House race in Iowa's 2nd District?,https://www.predictit.org/markets/detail/6789/Which-party-will-win-the-2020-House-race-in-Iowa's-2nd-District,23208,Democratic,0.68,0.34,0.66,0.32,09/14/2020 13:42:38,Open
1684,6789,Which party will win the 2020 House race in Iowa's 2nd District?,https://www.predictit.org/markets/detail/6789/Which-party-will-win-the-2020-House-race-in-Iowa's-2nd-District,23208,Democratic,0.68,0.34,0.66,0.32,09/14/2020 13:45:42,Open
1685,6789,Which party will win the 2020 House race in Iowa's 2nd District?,https://www.predictit.org/markets/detail/6789/Which-party-will-win-the-2020-House-race-in-Iowa's-2nd-District,23208,Democratic,0.68,0.34,0.66,0.32,09/14/2020 13:48:44,Open
1686,6789,Which party will win the 2020 House race in Iowa's 2nd District?,https://www.predictit.org/markets/detail/6789/Which-party-will-win-the-2020-House-race-in-Iowa's-2nd-District,23208,Democratic,0.68,0.34,0.66,0.32,09/14/2020 13:51:46,Open
1687,6789,Which party will win the 2020 House race in Iowa's 2nd District?,https://www.predictit.org/markets/detail/6789/Which-party-will-win-the-2020-House-race-in-Iowa's-2nd-District,23208,Democratic,0.68,0.34,0.66,0.32,09/14/2020 13:54:48,Open
1688,6789,Which party will win the 2020 House race in Iowa's 2nd District?,https://www.predictit.org/markets/detail/6789/Which-party-will-win-the-2020-House-race-in-Iowa's-2nd-District,23208,Democratic,0.68,0.34,0.66,0.32,09/14/2020 13:57:53,Open
1689,6789,Which party will win the 2020 House race in Iowa's 2nd District?,https://www.predictit.org/markets/detail/6789/Which-party-will-win-the-2020-House-race-in-Iowa's-2nd-District,23208,Democratic,0.68,0.34,0.66,0.32,09/14/2020 14:01:00,Open
1690,6789,Which party will win the 2020 House race in Iowa's 2nd District?,https://www.predictit.org/markets/detail/6789/Which-party-will-win-the-2020-House-race-in-Iowa's-2nd-District,23208,Democratic,0.68,0.34,0.66,0.32,09/14/2020 14:04:00,Open
1691,6789,Which party will win the 2020 House race in Iowa's 2nd District?,https://www.predictit.org/markets/detail/6789/Which-party-will-win-the-2020-House-race-in-Iowa's-2nd-District,23208,Democratic,0.68,0.34,0.66,0.32,09/14/2020 14:07:05,Open
1692,6789,Which party will win the 2020 House race in Iowa's 2nd District?,https://www.predictit.org/markets/detail/6789/Which-party-will-win-the-2020-House-race-in-Iowa's-2nd-District,23208,Democratic,0.68,0.34,0.66,0.32,09/14/2020 14:10:05,Open
1693,6789,Which party will win the 2020 House race in Iowa's 2nd District?,https://www.predictit.org/markets/detail/6789/Which-party-will-win-the-2020-House-race-in-Iowa's-2nd-District,23208,Democratic,0.68,0.34,0.66,0.32,09/14/2020 14:13:08,Open
1694,6789,Which party will win the 2020 House race in Iowa's 2nd District?,https://www.predictit.org/markets/detail/6789/Which-party-will-win-the-2020-House-race-in-Iowa's-2nd-District,23208,Democratic,0.68,0.34,0.66,0.32,09/14/2020 14:16:12,Open
1695,6789,Which party will win the 2020 House race in Iowa's 2nd District?,https://www.predictit.org/markets/detail/6789/Which-party-will-win-the-2020-House-race-in-Iowa's-2nd-District,23208,Democratic,0.68,0.34,0.66,0.32,09/14/2020 14:19:15,Open
1696,6789,Which party will win the 2020 House race in Iowa's 2nd District?,https://www.predictit.org/markets/detail/6789/Which-party-will-win-the-2020-House-race-in-Iowa's-2nd-District,23208,Democratic,0.68,0.34,0.66,0.32,09/14/2020 14:22:16,Open
1697,6789,Which party will win the 2020 House race in Iowa's 2nd District?,https://www.predictit.org/markets/detail/6789/Which-party-will-win-the-2020-House-race-in-Iowa's-2nd-District,23208,Democratic,0.68,0.34,0.66,0.32,09/14/2020 14:25:13,Open
1698,6789,Which party will win the 2020 House race in Iowa's 2nd District?,https://www.predictit.org/markets/detail/6789/Which-party-will-win-the-2020-House-race-in-Iowa's-2nd-District,23208,Democratic,0.68,0.34,0.66,0.32,09/14/2020 14:28:17,Open
1699,6789,Which party will win the 2020 House race in Iowa's 2nd District?,https://www.predictit.org/markets/detail/6789/Which-party-will-win-the-2020-House-race-in-Iowa's-2nd-District,23208,Democratic,0.68,0.34,0.66,0.32,09/14/2020 14:31:15,Open
1700,6789,Which party will win the 2020 House race in Iowa's 2nd District?,https://www.predictit.org/markets/detail/6789/Which-party-will-win-the-2020-House-race-in-Iowa's-2nd-District,23208,Democratic,0.68,0.34,0.66,0.32,09/14/2020 14:34:17,Open
1701,6789,Which party will win the 2020 House race in Iowa's 2nd District?,https://www.predictit.org/markets/detail/6789/Which-party-will-win-the-2020-House-race-in-Iowa's-2nd-District,23208,Democratic,0.68,0.34,0.66,0.32,09/14/2020 14:37:17,Open
1702,6789,Which party will win the 2020 House race in Iowa's 2nd District?,https://www.predictit.org/markets/detail/6789/Which-party-will-win-the-2020-House-race-in-Iowa's-2nd-District,23208,Democratic,0.68,0.34,0.66,0.32,09/14/2020 14:40:19,Open
1703,6789,Which party will win the 2020 House race in Iowa's 2nd District?,https://www.predictit.org/markets/detail/6789/Which-party-will-win-the-2020-House-race-in-Iowa's-2nd-District,23208,Democratic,0.68,0.34,0.66,0.32,09/14/2020 14:43:22,Open
1704,6789,Which party will win the 2020 House race in Iowa's 2nd District?,https://www.predictit.org/markets/detail/6789/Which-party-will-win-the-2020-House-race-in-Iowa's-2nd-District,23208,Democratic,0.68,0.34,0.66,0.32,09/14/2020 14:46:21,Open
1705,6789,Which party will win the 2020 House race in Iowa's 2nd District?,https://www.predictit.org/markets/detail/6789/Which-party-will-win-the-2020-House-race-in-Iowa's-2nd-District,23208,Democratic,0.68,0.34,0.66,0.32,09/14/2020 14:49:25,Open
1706,6789,Which party will win the 2020 House race in Iowa's 2nd District?,https://www.predictit.org/markets/detail/6789/Which-party-will-win-the-2020-House-race-in-Iowa's-2nd-District,23208,Democratic,0.68,0.34,0.66,0.32,09/14/2020 14:52:25,Open
1707,6789,Which party will win the 2020 House race in Iowa's 2nd District?,https://www.predictit.org/markets/detail/6789/Which-party-will-win-the-2020-House-race-in-Iowa's-2nd-District,23208,Democratic,0.68,0.34,0.66,0.32,09/14/2020 14:55:28,Open
1708,6789,Which party will win the 2020 House race in Iowa's 2nd District?,https://www.predictit.org/markets/detail/6789/Which-party-will-win-the-2020-House-race-in-Iowa's-2nd-District,23208,Democratic,0.68,0.34,0.66,0.32,09/14/2020 14:58:31,Open
1709,6789,Which party will win the 2020 House race in Iowa's 2nd District?,https://www.predictit.org/markets/detail/6789/Which-party-will-win-the-2020-House-race-in-Iowa's-2nd-District,23208,Democratic,0.68,0.34,0.66,0.32,09/14/2020 15:01:35,Open
1710,6789,Which party will win the 2020 House race in Iowa's 2nd District?,https://www.predictit.org/markets/detail/6789/Which-party-will-win-the-2020-House-race-in-Iowa's-2nd-District,23208,Democratic,0.68,0.34,0.66,0.32,09/14/2020 15:04:33,Open
1711,6789,Which party will win the 2020 House race in Iowa's 2nd District?,https://www.predictit.org/markets/detail/6789/Which-party-will-win-the-2020-House-race-in-Iowa's-2nd-District,23208,Democratic,0.68,0.34,0.66,0.32,09/14/2020 15:07:37,Open
1712,6789,Which party will win the 2020 House race in Iowa's 2nd District?,https://www.predictit.org/markets/detail/6789/Which-party-will-win-the-2020-House-race-in-Iowa's-2nd-District,23208,Democratic,0.68,0.34,0.66,0.32,09/14/2020 15:10:40,Open
1713,6789,Which party will win the 2020 House race in Iowa's 2nd District?,https://www.predictit.org/markets/detail/6789/Which-party-will-win-the-2020-House-race-in-Iowa's-2nd-District,23208,Democratic,0.68,0.34,0.66,0.32,09/14/2020 15:13:41,Open
1714,6789,Which party will win the 2020 House race in Iowa's 2nd District?,https://www.predictit.org/markets/detail/6789/Which-party-will-win-the-2020-House-race-in-Iowa's-2nd-District,23208,Democratic,0.68,0.34,0.66,0.32,09/14/2020 15:16:44,Open
1715,6789,Which party will win the 2020 House race in Iowa's 2nd District?,https://www.predictit.org/markets/detail/6789/Which-party-will-win-the-2020-House-race-in-Iowa's-2nd-District,23208,Democratic,0.68,0.34,0.66,0.32,09/14/2020 15:19:49,Open
1716,6789,Which party will win the 2020 House race in Iowa's 2nd District?,https://www.predictit.org/markets/detail/6789/Which-party-will-win-the-2020-House-race-in-Iowa's-2nd-District,23208,Democratic,0.68,0.34,0.66,0.32,09/14/2020 15:22:52,Open
1717,6789,Which party will win the 2020 House race in Iowa's 2nd District?,https://www.predictit.org/markets/detail/6789/Which-party-will-win-the-2020-House-race-in-Iowa's-2nd-District,23208,Democratic,0.68,0.34,0.66,0.32,09/14/2020 15:25:56,Open
1718,6789,Which party will win the 2020 House race in Iowa's 2nd District?,https://www.predictit.org/markets/detail/6789/Which-party-will-win-the-2020-House-race-in-Iowa's-2nd-District,23208,Democratic,0.68,0.34,0.66,0.32,09/14/2020 15:29:05,Open
1719,6789,Which party will win the 2020 House race in Iowa's 2nd District?,https://www.predictit.org/markets/detail/6789/Which-party-will-win-the-2020-House-race-in-Iowa's-2nd-District,23208,Democratic,0.68,0.34,0.66,0.32,09/14/2020 15:32:08,Open
1720,6789,Which party will win the 2020 House race in Iowa's 2nd District?,https://www.predictit.org/markets/detail/6789/Which-party-will-win-the-2020-House-race-in-Iowa's-2nd-District,23208,Democratic,0.68,0.34,0.66,0.32,09/14/2020 15:35:18,Open
1721,6789,Which party will win the 2020 House race in Iowa's 2nd District?,https://www.predictit.org/markets/detail/6789/Which-party-will-win-the-2020-House-race-in-Iowa's-2nd-District,23208,Democratic,0.68,0.34,0.66,0.32,09/14/2020 15:38:36,Open
1722,6789,Which party will win the 2020 House race in Iowa's 2nd District?,https://www.predictit.org/markets/detail/6789/Which-party-will-win-the-2020-House-race-in-Iowa's-2nd-District,23208,Democratic,0.68,0.34,0.66,0.32,09/14/2020 15:41:53,Open
1723,6789,Which party will win the 2020 House race in Iowa's 2nd District?,https://www.predictit.org/markets/detail/6789/Which-party-will-win-the-2020-House-race-in-Iowa's-2nd-District,23208,Democratic,0.68,0.34,0.66,0.32,09/14/2020 15:45:10,Open
1724,6789,Which party will win the 2020 House race in Iowa's 2nd District?,https://www.predictit.org/markets/detail/6789/Which-party-will-win-the-2020-House-race-in-Iowa's-2nd-District,23208,Democratic,0.68,0.34,0.66,0.32,09/14/2020 15:48:26,Open
1725,6789,Which party will win the 2020 House race in Iowa's 2nd District?,https://www.predictit.org/markets/detail/6789/Which-party-will-win-the-2020-House-race-in-Iowa's-2nd-District,23208,Democratic,0.68,0.34,0.66,0.32,09/14/2020 15:51:35,Open
1726,6789,Which party will win the 2020 House race in Iowa's 2nd District?,https://www.predictit.org/markets/detail/6789/Which-party-will-win-the-2020-House-race-in-Iowa's-2nd-District,23208,Democratic,0.68,0.34,0.66,0.32,09/14/2020 15:54:40,Open
1727,6789,Which party will win the 2020 House race in Iowa's 2nd District?,https://www.predictit.org/markets/detail/6789/Which-party-will-win-the-2020-House-race-in-Iowa's-2nd-District,23208,Democratic,0.68,0.34,0.66,0.32,09/14/2020 15:57:42,Open
1728,6789,Which party will win the 2020 House race in Iowa's 2nd District?,https://www.predictit.org/markets/detail/6789/Which-party-will-win-the-2020-House-race-in-Iowa's-2nd-District,23208,Democratic,0.68,0.34,0.66,0.32,09/14/2020 16:00:52,Open
1729,6789,Which party will win the 2020 House race in Iowa's 2nd District?,https://www.predictit.org/markets/detail/6789/Which-party-will-win-the-2020-House-race-in-Iowa's-2nd-District,23208,Democratic,0.68,0.34,0.66,0.32,09/14/2020 16:03:52,Open
1730,6789,Which party will win the 2020 House race in Iowa's 2nd District?,https://www.predictit.org/markets/detail/6789/Which-party-will-win-the-2020-House-race-in-Iowa's-2nd-District,23208,Democratic,0.68,0.34,0.66,0.32,09/14/2020 16:06:57,Open
1731,6789,Which party will win the 2020 House race in Iowa's 2nd District?,https://www.predictit.org/markets/detail/6789/Which-party-will-win-the-2020-House-race-in-Iowa's-2nd-District,23208,Democratic,0.68,0.34,0.66,0.32,09/14/2020 16:10:01,Open
1732,6789,Which party will win the 2020 House race in Iowa's 2nd District?,https://www.predictit.org/markets/detail/6789/Which-party-will-win-the-2020-House-race-in-Iowa's-2nd-District,23208,Democratic,0.68,0.34,0.66,0.32,09/14/2020 16:13:02,Open
1733,6789,Which party will win the 2020 House race in Iowa's 2nd District?,https://www.predictit.org/markets/detail/6789/Which-party-will-win-the-2020-House-race-in-Iowa's-2nd-District,23208,Democratic,0.68,0.34,0.66,0.32,09/14/2020 16:16:07,Open
1734,6789,Which party will win the 2020 House race in Iowa's 2nd District?,https://www.predictit.org/markets/detail/6789/Which-party-will-win-the-2020-House-race-in-Iowa's-2nd-District,23208,Democratic,0.68,0.34,0.66,0.32,09/14/2020 16:19:12,Open
1735,6789,Which party will win the 2020 House race in Iowa's 2nd District?,https://www.predictit.org/markets/detail/6789/Which-party-will-win-the-2020-House-race-in-Iowa's-2nd-District,23208,Democratic,0.68,0.34,0.66,0.32,09/14/2020 16:22:18,Open
1736,6789,Which party will win the 2020 House race in Iowa's 2nd District?,https://www.predictit.org/markets/detail/6789/Which-party-will-win-the-2020-House-race-in-Iowa's-2nd-District,23208,Democratic,0.68,0.34,0.66,0.32,09/14/2020 16:25:25,Open
1737,6789,Which party will win the 2020 House race in Iowa's 2nd District?,https://www.predictit.org/markets/detail/6789/Which-party-will-win-the-2020-House-race-in-Iowa's-2nd-District,23208,Democratic,0.68,0.34,0.66,0.32,09/14/2020 16:28:33,Open
1738,6789,Which party will win the 2020 House race in Iowa's 2nd District?,https://www.predictit.org/markets/detail/6789/Which-party-will-win-the-2020-House-race-in-Iowa's-2nd-District,23208,Democratic,0.68,0.34,0.66,0.32,09/14/2020 16:31:40,Open
1739,6789,Which party will win the 2020 House race in Iowa's 2nd District?,https://www.predictit.org/markets/detail/6789/Which-party-will-win-the-2020-House-race-in-Iowa's-2nd-District,23208,Democratic,0.68,0.34,0.66,0.32,09/14/2020 16:34:45,Open
1740,6789,Which party will win the 2020 House race in Iowa's 2nd District?,https://www.predictit.org/markets/detail/6789/Which-party-will-win-the-2020-House-race-in-Iowa's-2nd-District,23208,Democratic,0.68,0.34,0.66,0.32,09/14/2020 16:37:53,Open
1741,6789,Which party will win the 2020 House race in Iowa's 2nd District?,https://www.predictit.org/markets/detail/6789/Which-party-will-win-the-2020-House-race-in-Iowa's-2nd-District,23208,Democratic,0.68,0.34,0.66,0.32,09/14/2020 16:40:57,Open
1742,6789,Which party will win the 2020 House race in Iowa's 2nd District?,https://www.predictit.org/markets/detail/6789/Which-party-will-win-the-2020-House-race-in-Iowa's-2nd-District,23208,Democratic,0.68,0.34,0.66,0.32,09/14/2020 16:44:03,Open
1743,6789,Which party will win the 2020 House race in Iowa's 2nd District?,https://www.predictit.org/markets/detail/6789/Which-party-will-win-the-2020-House-race-in-Iowa's-2nd-District,23208,Democratic,0.68,0.34,0.66,0.32,09/14/2020 16:47:09,Open
1744,6789,Which party will win the 2020 House race in Iowa's 2nd District?,https://www.predictit.org/markets/detail/6789/Which-party-will-win-the-2020-House-race-in-Iowa's-2nd-District,23208,Democratic,0.68,0.34,0.66,0.32,09/14/2020 16:50:17,Open
1745,6789,Which party will win the 2020 House race in Iowa's 2nd District?,https://www.predictit.org/markets/detail/6789/Which-party-will-win-the-2020-House-race-in-Iowa's-2nd-District,23208,Democratic,0.68,0.34,0.66,0.32,09/14/2020 16:53:23,Open
1746,6789,Which party will win the 2020 House race in Iowa's 2nd District?,https://www.predictit.org/markets/detail/6789/Which-party-will-win-the-2020-House-race-in-Iowa's-2nd-District,23208,Democratic,0.68,0.34,0.66,0.32,09/14/2020 16:56:26,Open
1747,6789,Which party will win the 2020 House race in Iowa's 2nd District?,https://www.predictit.org/markets/detail/6789/Which-party-will-win-the-2020-House-race-in-Iowa's-2nd-District,23208,Democratic,0.68,0.34,0.66,0.32,09/14/2020 16:59:34,Open
1748,6789,Which party will win the 2020 House race in Iowa's 2nd District?,https://www.predictit.org/markets/detail/6789/Which-party-will-win-the-2020-House-race-in-Iowa's-2nd-District,23208,Democratic,0.68,0.34,0.66,0.32,09/14/2020 17:02:39,Open
1749,6789,Which party will win the 2020 House race in Iowa's 2nd District?,https://www.predictit.org/markets/detail/6789/Which-party-will-win-the-2020-House-race-in-Iowa's-2nd-District,23208,Democratic,0.68,0.34,0.66,0.32,09/14/2020 17:05:45,Open
1750,6789,Which party will win the 2020 House race in Iowa's 2nd District?,https://www.predictit.org/markets/detail/6789/Which-party-will-win-the-2020-House-race-in-Iowa's-2nd-District,23208,Democratic,0.68,0.34,0.66,0.32,09/14/2020 17:08:50,Open
1751,6789,Which party will win the 2020 House race in Iowa's 2nd District?,https://www.predictit.org/markets/detail/6789/Which-party-will-win-the-2020-House-race-in-Iowa's-2nd-District,23208,Democratic,0.68,0.34,0.66,0.32,09/14/2020 17:12:04,Open
1752,6789,Which party will win the 2020 House race in Iowa's 2nd District?,https://www.predictit.org/markets/detail/6789/Which-party-will-win-the-2020-House-race-in-Iowa's-2nd-District,23208,Democratic,0.68,0.34,0.66,0.32,09/14/2020 17:15:12,Open
1753,6789,Which party will win the 2020 House race in Iowa's 2nd District?,https://www.predictit.org/markets/detail/6789/Which-party-will-win-the-2020-House-race-in-Iowa's-2nd-District,23208,Democratic,0.68,0.34,0.66,0.32,09/14/2020 17:18:19,Open
1754,6789,Which party will win the 2020 House race in Iowa's 2nd District?,https://www.predictit.org/markets/detail/6789/Which-party-will-win-the-2020-House-race-in-Iowa's-2nd-District,23208,Democratic,0.68,0.34,0.66,0.32,09/14/2020 17:21:26,Open
1755,6789,Which party will win the 2020 House race in Iowa's 2nd District?,https://www.predictit.org/markets/detail/6789/Which-party-will-win-the-2020-House-race-in-Iowa's-2nd-District,23208,Democratic,0.68,0.34,0.66,0.32,09/14/2020 17:24:33,Open
1756,6789,Which party will win the 2020 House race in Iowa's 2nd District?,https://www.predictit.org/markets/detail/6789/Which-party-will-win-the-2020-House-race-in-Iowa's-2nd-District,23208,Democratic,0.68,0.34,0.66,0.32,09/14/2020 17:27:43,Open
1757,6789,Which party will win the 2020 House race in Iowa's 2nd District?,https://www.predictit.org/markets/detail/6789/Which-party-will-win-the-2020-House-race-in-Iowa's-2nd-District,23208,Democratic,0.68,0.34,0.66,0.32,09/14/2020 17:30:55,Open
1758,6789,Which party will win the 2020 House race in Iowa's 2nd District?,https://www.predictit.org/markets/detail/6789/Which-party-will-win-the-2020-House-race-in-Iowa's-2nd-District,23208,Democratic,0.68,0.34,0.66,0.32,09/14/2020 17:34:04,Open
1759,6789,Which party will win the 2020 House race in Iowa's 2nd District?,https://www.predictit.org/markets/detail/6789/Which-party-will-win-the-2020-House-race-in-Iowa's-2nd-District,23208,Democratic,0.68,0.34,0.66,0.32,09/14/2020 17:37:12,Open
1760,6789,Which party will win the 2020 House race in Iowa's 2nd District?,https://www.predictit.org/markets/detail/6789/Which-party-will-win-the-2020-House-race-in-Iowa's-2nd-District,23208,Democratic,0.68,0.34,0.66,0.32,09/14/2020 17:40:20,Open
1761,6789,Which party will win the 2020 House race in Iowa's 2nd District?,https://www.predictit.org/markets/detail/6789/Which-party-will-win-the-2020-House-race-in-Iowa's-2nd-District,23208,Democratic,0.68,0.34,0.66,0.32,09/14/2020 17:43:30,Open
1762,6789,Which party will win the 2020 House race in Iowa's 2nd District?,https://www.predictit.org/markets/detail/6789/Which-party-will-win-the-2020-House-race-in-Iowa's-2nd-District,23208,Democratic,0.68,0.34,0.66,0.32,09/14/2020 17:46:38,Open
1763,6789,Which party will win the 2020 House race in Iowa's 2nd District?,https://www.predictit.org/markets/detail/6789/Which-party-will-win-the-2020-House-race-in-Iowa's-2nd-District,23208,Democratic,0.68,0.34,0.66,0.32,09/14/2020 17:49:50,Open
1764,6789,Which party will win the 2020 House race in Iowa's 2nd District?,https://www.predictit.org/markets/detail/6789/Which-party-will-win-the-2020-House-race-in-Iowa's-2nd-District,23208,Democratic,0.68,0.34,0.66,0.32,09/14/2020 17:52:59,Open
1765,6789,Which party will win the 2020 House race in Iowa's 2nd District?,https://www.predictit.org/markets/detail/6789/Which-party-will-win-the-2020-House-race-in-Iowa's-2nd-District,23208,Democratic,0.68,0.34,0.66,0.32,09/14/2020 17:56:06,Open
1766,6789,Which party will win the 2020 House race in Iowa's 2nd District?,https://www.predictit.org/markets/detail/6789/Which-party-will-win-the-2020-House-race-in-Iowa's-2nd-District,23208,Democratic,0.68,0.34,0.66,0.32,09/14/2020 17:59:13,Open
1767,6789,Which party will win the 2020 House race in Iowa's 2nd District?,https://www.predictit.org/markets/detail/6789/Which-party-will-win-the-2020-House-race-in-Iowa's-2nd-District,23208,Democratic,0.68,0.34,0.66,0.32,09/14/2020 18:02:21,Open
1768,6789,Which party will win the 2020 House race in Iowa's 2nd District?,https://www.predictit.org/markets/detail/6789/Which-party-will-win-the-2020-House-race-in-Iowa's-2nd-District,23208,Democratic,0.68,0.34,0.66,0.32,09/14/2020 18:05:29,Open
1769,6789,Which party will win the 2020 House race in Iowa's 2nd District?,https://www.predictit.org/markets/detail/6789/Which-party-will-win-the-2020-House-race-in-Iowa's-2nd-District,23208,Democratic,0.68,0.34,0.66,0.32,09/14/2020 18:08:35,Open
1770,6789,Which party will win the 2020 House race in Iowa's 2nd District?,https://www.predictit.org/markets/detail/6789/Which-party-will-win-the-2020-House-race-in-Iowa's-2nd-District,23208,Democratic,0.68,0.34,0.66,0.32,09/14/2020 18:11:47,Open
1771,6789,Which party will win the 2020 House race in Iowa's 2nd District?,https://www.predictit.org/markets/detail/6789/Which-party-will-win-the-2020-House-race-in-Iowa's-2nd-District,23208,Democratic,0.68,0.34,0.66,0.32,09/14/2020 18:14:54,Open
1772,6789,Which party will win the 2020 House race in Iowa's 2nd District?,https://www.predictit.org/markets/detail/6789/Which-party-will-win-the-2020-House-race-in-Iowa's-2nd-District,23208,Democratic,0.68,0.34,0.66,0.32,09/14/2020 18:17:59,Open
1773,6789,Which party will win the 2020 House race in Iowa's 2nd District?,https://www.predictit.org/markets/detail/6789/Which-party-will-win-the-2020-House-race-in-Iowa's-2nd-District,23208,Democratic,0.68,0.34,0.66,0.32,09/14/2020 18:21:08,Open
1774,6789,Which party will win the 2020 House race in Iowa's 2nd District?,https://www.predictit.org/markets/detail/6789/Which-party-will-win-the-2020-House-race-in-Iowa's-2nd-District,23208,Democratic,0.68,0.34,0.66,0.32,09/14/2020 18:24:13,Open
1775,6789,Which party will win the 2020 House race in Iowa's 2nd District?,https://www.predictit.org/markets/detail/6789/Which-party-will-win-the-2020-House-race-in-Iowa's-2nd-District,23208,Democratic,0.68,0.34,0.66,0.32,09/14/2020 18:27:21,Open
1776,6789,Which party will win the 2020 House race in Iowa's 2nd District?,https://www.predictit.org/markets/detail/6789/Which-party-will-win-the-2020-House-race-in-Iowa's-2nd-District,23208,Democratic,0.68,0.34,0.66,0.32,09/14/2020 18:30:32,Open
1777,6789,Which party will win the 2020 House race in Iowa's 2nd District?,https://www.predictit.org/markets/detail/6789/Which-party-will-win-the-2020-House-race-in-Iowa's-2nd-District,23208,Democratic,0.68,0.34,0.66,0.32,09/14/2020 18:33:41,Open
1778,6789,Which party will win the 2020 House race in Iowa's 2nd District?,https://www.predictit.org/markets/detail/6789/Which-party-will-win-the-2020-House-race-in-Iowa's-2nd-District,23208,Democratic,0.68,0.34,0.66,0.32,09/14/2020 18:36:48,Open
1779,6789,Which party will win the 2020 House race in Iowa's 2nd District?,https://www.predictit.org/markets/detail/6789/Which-party-will-win-the-2020-House-race-in-Iowa's-2nd-District,23208,Democratic,0.68,0.34,0.66,0.32,09/14/2020 18:39:55,Open
1780,6789,Which party will win the 2020 House race in Iowa's 2nd District?,https://www.predictit.org/markets/detail/6789/Which-party-will-win-the-2020-House-race-in-Iowa's-2nd-District,23208,Democratic,0.68,0.34,0.66,0.32,09/14/2020 18:43:04,Open
1781,6789,Which party will win the 2020 House race in Iowa's 2nd District?,https://www.predictit.org/markets/detail/6789/Which-party-will-win-the-2020-House-race-in-Iowa's-2nd-District,23208,Democratic,0.68,0.34,0.66,0.32,09/14/2020 18:46:13,Open
1782,6789,Which party will win the 2020 House race in Iowa's 2nd District?,https://www.predictit.org/markets/detail/6789/Which-party-will-win-the-2020-House-race-in-Iowa's-2nd-District,23208,Democratic,0.68,0.34,0.66,0.32,09/14/2020 18:49:23,Open
1783,6789,Which party will win the 2020 House race in Iowa's 2nd District?,https://www.predictit.org/markets/detail/6789/Which-party-will-win-the-2020-House-race-in-Iowa's-2nd-District,23208,Democratic,0.68,0.34,0.66,0.32,09/14/2020 18:52:37,Open
1784,6789,Which party will win the 2020 House race in Iowa's 2nd District?,https://www.predictit.org/markets/detail/6789/Which-party-will-win-the-2020-House-race-in-Iowa's-2nd-District,23208,Democratic,0.68,0.34,0.66,0.32,09/14/2020 18:55:44,Open
1785,6789,Which party will win the 2020 House race in Iowa's 2nd District?,https://www.predictit.org/markets/detail/6789/Which-party-will-win-the-2020-House-race-in-Iowa's-2nd-District,23208,Democratic,0.68,0.34,0.66,0.32,09/14/2020 18:58:50,Open
1786,6789,Which party will win the 2020 House race in Iowa's 2nd District?,https://www.predictit.org/markets/detail/6789/Which-party-will-win-the-2020-House-race-in-Iowa's-2nd-District,23208,Democratic,0.68,0.34,0.66,0.32,09/14/2020 19:01:58,Open
1787,6789,Which party will win the 2020 House race in Iowa's 2nd District?,https://www.predictit.org/markets/detail/6789/Which-party-will-win-the-2020-House-race-in-Iowa's-2nd-District,23208,Democratic,0.68,0.34,0.66,0.32,09/14/2020 19:05:03,Open
1788,6789,Which party will win the 2020 House race in Iowa's 2nd District?,https://www.predictit.org/markets/detail/6789/Which-party-will-win-the-2020-House-race-in-Iowa's-2nd-District,23208,Democratic,0.68,0.34,0.66,0.32,09/14/2020 19:08:08,Open
1789,6789,Which party will win the 2020 House race in Iowa's 2nd District?,https://www.predictit.org/markets/detail/6789/Which-party-will-win-the-2020-House-race-in-Iowa's-2nd-District,23208,Democratic,0.68,0.34,0.66,0.32,09/14/2020 19:11:18,Open
1790,6789,Which party will win the 2020 House race in Iowa's 2nd District?,https://www.predictit.org/markets/detail/6789/Which-party-will-win-the-2020-House-race-in-Iowa's-2nd-District,23208,Democratic,0.68,0.34,0.66,0.32,09/14/2020 19:14:24,Open
1791,6789,Which party will win the 2020 House race in Iowa's 2nd District?,https://www.predictit.org/markets/detail/6789/Which-party-will-win-the-2020-House-race-in-Iowa's-2nd-District,23208,Democratic,0.68,0.34,0.66,0.32,09/14/2020 19:17:32,Open
1792,6789,Which party will win the 2020 House race in Iowa's 2nd District?,https://www.predictit.org/markets/detail/6789/Which-party-will-win-the-2020-House-race-in-Iowa's-2nd-District,23208,Democratic,0.68,0.34,0.66,0.32,09/14/2020 19:20:39,Open
1793,6789,Which party will win the 2020 House race in Iowa's 2nd District?,https://www.predictit.org/markets/detail/6789/Which-party-will-win-the-2020-House-race-in-Iowa's-2nd-District,23208,Democratic,0.68,0.34,0.66,0.32,09/14/2020 19:23:48,Open
1794,6789,Which party will win the 2020 House race in Iowa's 2nd District?,https://www.predictit.org/markets/detail/6789/Which-party-will-win-the-2020-House-race-in-Iowa's-2nd-District,23208,Democratic,0.68,0.34,0.66,0.32,09/14/2020 19:26:54,Open
1795,6789,Which party will win the 2020 House race in Iowa's 2nd District?,https://www.predictit.org/markets/detail/6789/Which-party-will-win-the-2020-House-race-in-Iowa's-2nd-District,23208,Democratic,0.68,0.34,0.66,0.32,09/14/2020 19:30:01,Open
1796,6789,Which party will win the 2020 House race in Iowa's 2nd District?,https://www.predictit.org/markets/detail/6789/Which-party-will-win-the-2020-House-race-in-Iowa's-2nd-District,23208,Democratic,0.68,0.34,0.66,0.32,09/14/2020 19:33:10,Open
1797,6789,Which party will win the 2020 House race in Iowa's 2nd District?,https://www.predictit.org/markets/detail/6789/Which-party-will-win-the-2020-House-race-in-Iowa's-2nd-District,23208,Democratic,0.68,0.34,0.66,0.32,09/14/2020 19:36:16,Open
1798,6789,Which party will win the 2020 House race in Iowa's 2nd District?,https://www.predictit.org/markets/detail/6789/Which-party-will-win-the-2020-House-race-in-Iowa's-2nd-District,23208,Democratic,0.68,0.34,0.66,0.32,09/14/2020 19:39:21,Open
1799,6789,Which party will win the 2020 House race in Iowa's 2nd District?,https://www.predictit.org/markets/detail/6789/Which-party-will-win-the-2020-House-race-in-Iowa's-2nd-District,23208,Democratic,0.68,0.34,0.66,0.32,09/14/2020 19:42:30,Open
1800,6789,Which party will win the 2020 House race in Iowa's 2nd District?,https://www.predictit.org/markets/detail/6789/Which-party-will-win-the-2020-House-race-in-Iowa's-2nd-District,23208,Democratic,0.68,0.34,0.66,0.32,09/14/2020 19:45:38,Open
1801,6789,Which party will win the 2020 House race in Iowa's 2nd District?,https://www.predictit.org/markets/detail/6789/Which-party-will-win-the-2020-House-race-in-Iowa's-2nd-District,23208,Democratic,0.68,0.34,0.66,0.32,09/14/2020 19:48:49,Open
1802,6789,Which party will win the 2020 House race in Iowa's 2nd District?,https://www.predictit.org/markets/detail/6789/Which-party-will-win-the-2020-House-race-in-Iowa's-2nd-District,23208,Democratic,0.68,0.34,0.66,0.32,09/14/2020 19:52:00,Open
1803,6789,Which party will win the 2020 House race in Iowa's 2nd District?,https://www.predictit.org/markets/detail/6789/Which-party-will-win-the-2020-House-race-in-Iowa's-2nd-District,23208,Democratic,0.68,0.34,0.66,0.32,09/14/2020 19:55:07,Open
1804,6789,Which party will win the 2020 House race in Iowa's 2nd District?,https://www.predictit.org/markets/detail/6789/Which-party-will-win-the-2020-House-race-in-Iowa's-2nd-District,23208,Democratic,0.68,0.34,0.66,0.32,09/14/2020 19:58:15,Open
1805,6789,Which party will win the 2020 House race in Iowa's 2nd District?,https://www.predictit.org/markets/detail/6789/Which-party-will-win-the-2020-House-race-in-Iowa's-2nd-District,23208,Democratic,0.68,0.34,0.66,0.32,09/14/2020 20:01:22,Open
1806,6789,Which party will win the 2020 House race in Iowa's 2nd District?,https://www.predictit.org/markets/detail/6789/Which-party-will-win-the-2020-House-race-in-Iowa's-2nd-District,23208,Democratic,0.68,0.34,0.66,0.32,09/14/2020 20:04:33,Open
1807,6789,Which party will win the 2020 House race in Iowa's 2nd District?,https://www.predictit.org/markets/detail/6789/Which-party-will-win-the-2020-House-race-in-Iowa's-2nd-District,23208,Democratic,0.68,0.34,0.66,0.32,09/14/2020 20:07:40,Open
1808,6789,Which party will win the 2020 House race in Iowa's 2nd District?,https://www.predictit.org/markets/detail/6789/Which-party-will-win-the-2020-House-race-in-Iowa's-2nd-District,23208,Democratic,0.68,0.34,0.66,0.32,09/14/2020 20:10:47,Open
1809,6789,Which party will win the 2020 House race in Iowa's 2nd District?,https://www.predictit.org/markets/detail/6789/Which-party-will-win-the-2020-House-race-in-Iowa's-2nd-District,23208,Democratic,0.68,0.34,0.66,0.32,09/14/2020 20:13:57,Open
1810,6789,Which party will win the 2020 House race in Iowa's 2nd District?,https://www.predictit.org/markets/detail/6789/Which-party-will-win-the-2020-House-race-in-Iowa's-2nd-District,23208,Democratic,0.68,0.34,0.66,0.32,09/14/2020 20:17:03,Open
1811,6789,Which party will win the 2020 House race in Iowa's 2nd District?,https://www.predictit.org/markets/detail/6789/Which-party-will-win-the-2020-House-race-in-Iowa's-2nd-District,23208,Democratic,0.68,0.34,0.66,0.32,09/14/2020 20:20:13,Open
1812,6789,Which party will win the 2020 House race in Iowa's 2nd District?,https://www.predictit.org/markets/detail/6789/Which-party-will-win-the-2020-House-race-in-Iowa's-2nd-District,23208,Democratic,0.68,0.34,0.66,0.32,09/14/2020 20:23:21,Open
1813,6789,Which party will win the 2020 House race in Iowa's 2nd District?,https://www.predictit.org/markets/detail/6789/Which-party-will-win-the-2020-House-race-in-Iowa's-2nd-District,23208,Democratic,0.68,0.34,0.66,0.32,09/14/2020 20:26:30,Open
1814,6789,Which party will win the 2020 House race in Iowa's 2nd District?,https://www.predictit.org/markets/detail/6789/Which-party-will-win-the-2020-House-race-in-Iowa's-2nd-District,23208,Democratic,0.68,0.34,0.66,0.32,09/14/2020 20:29:42,Open
1815,6789,Which party will win the 2020 House race in Iowa's 2nd District?,https://www.predictit.org/markets/detail/6789/Which-party-will-win-the-2020-House-race-in-Iowa's-2nd-District,23208,Democratic,0.68,0.34,0.66,0.32,09/14/2020 20:32:53,Open
1816,6789,Which party will win the 2020 House race in Iowa's 2nd District?,https://www.predictit.org/markets/detail/6789/Which-party-will-win-the-2020-House-race-in-Iowa's-2nd-District,23208,Democratic,0.68,0.34,0.66,0.32,09/14/2020 20:36:08,Open
1817,6789,Which party will win the 2020 House race in Iowa's 2nd District?,https://www.predictit.org/markets/detail/6789/Which-party-will-win-the-2020-House-race-in-Iowa's-2nd-District,23208,Democratic,0.68,0.34,0.66,0.32,09/14/2020 20:39:20,Open
1818,6789,Which party will win the 2020 House race in Iowa's 2nd District?,https://www.predictit.org/markets/detail/6789/Which-party-will-win-the-2020-House-race-in-Iowa's-2nd-District,23208,Democratic,0.68,0.34,0.66,0.32,09/14/2020 20:42:30,Open
1819,6789,Which party will win the 2020 House race in Iowa's 2nd District?,https://www.predictit.org/markets/detail/6789/Which-party-will-win-the-2020-House-race-in-Iowa's-2nd-District,23208,Democratic,0.68,0.34,0.66,0.32,09/14/2020 20:45:47,Open
1820,6789,Which party will win the 2020 House race in Iowa's 2nd District?,https://www.predictit.org/markets/detail/6789/Which-party-will-win-the-2020-House-race-in-Iowa's-2nd-District,23208,Democratic,0.68,0.34,0.66,0.32,09/14/2020 20:48:56,Open
1821,6789,Which party will win the 2020 House race in Iowa's 2nd District?,https://www.predictit.org/markets/detail/6789/Which-party-will-win-the-2020-House-race-in-Iowa's-2nd-District,23208,Democratic,0.68,0.34,0.66,0.32,09/14/2020 20:52:08,Open
1822,6789,Which party will win the 2020 House race in Iowa's 2nd District?,https://www.predictit.org/markets/detail/6789/Which-party-will-win-the-2020-House-race-in-Iowa's-2nd-District,23208,Democratic,0.68,0.34,0.66,0.32,09/14/2020 20:55:20,Open
1823,6789,Which party will win the 2020 House race in Iowa's 2nd District?,https://www.predictit.org/markets/detail/6789/Which-party-will-win-the-2020-House-race-in-Iowa's-2nd-District,23208,Democratic,0.68,0.34,0.66,0.32,09/14/2020 20:58:30,Open
1824,6789,Which party will win the 2020 House race in Iowa's 2nd District?,https://www.predictit.org/markets/detail/6789/Which-party-will-win-the-2020-House-race-in-Iowa's-2nd-District,23208,Democratic,0.68,0.34,0.66,0.32,09/14/2020 21:01:42,Open
1825,6789,Which party will win the 2020 House race in Iowa's 2nd District?,https://www.predictit.org/markets/detail/6789/Which-party-will-win-the-2020-House-race-in-Iowa's-2nd-District,23208,Democratic,0.68,0.34,0.66,0.32,09/14/2020 21:05:02,Open
1826,6789,Which party will win the 2020 House race in Iowa's 2nd District?,https://www.predictit.org/markets/detail/6789/Which-party-will-win-the-2020-House-race-in-Iowa's-2nd-District,23208,Democratic,0.68,0.34,0.66,0.32,09/14/2020 21:08:17,Open
1827,6789,Which party will win the 2020 House race in Iowa's 2nd District?,https://www.predictit.org/markets/detail/6789/Which-party-will-win-the-2020-House-race-in-Iowa's-2nd-District,23208,Democratic,0.68,0.34,0.66,0.32,09/14/2020 21:11:27,Open
1828,6789,Which party will win the 2020 House race in Iowa's 2nd District?,https://www.predictit.org/markets/detail/6789/Which-party-will-win-the-2020-House-race-in-Iowa's-2nd-District,23208,Democratic,0.68,0.34,0.66,0.32,09/14/2020 21:14:40,Open
1829,6789,Which party will win the 2020 House race in Iowa's 2nd District?,https://www.predictit.org/markets/detail/6789/Which-party-will-win-the-2020-House-race-in-Iowa's-2nd-District,23208,Democratic,0.68,0.34,0.66,0.32,09/14/2020 21:17:51,Open
1830,6789,Which party will win the 2020 House race in Iowa's 2nd District?,https://www.predictit.org/markets/detail/6789/Which-party-will-win-the-2020-House-race-in-Iowa's-2nd-District,23208,Democratic,0.68,0.34,0.66,0.32,09/14/2020 21:21:09,Open
1831,6789,Which party will win the 2020 House race in Iowa's 2nd District?,https://www.predictit.org/markets/detail/6789/Which-party-will-win-the-2020-House-race-in-Iowa's-2nd-District,23208,Democratic,0.68,0.34,0.66,0.32,09/14/2020 21:24:20,Open
1832,6789,Which party will win the 2020 House race in Iowa's 2nd District?,https://www.predictit.org/markets/detail/6789/Which-party-will-win-the-2020-House-race-in-Iowa's-2nd-District,23208,Democratic,0.68,0.34,0.66,0.32,09/14/2020 21:27:31,Open
1833,6789,Which party will win the 2020 House race in Iowa's 2nd District?,https://www.predictit.org/markets/detail/6789/Which-party-will-win-the-2020-House-race-in-Iowa's-2nd-District,23208,Democratic,0.68,0.34,0.66,0.32,09/14/2020 21:30:46,Open
1834,6789,Which party will win the 2020 House race in Iowa's 2nd District?,https://www.predictit.org/markets/detail/6789/Which-party-will-win-the-2020-House-race-in-Iowa's-2nd-District,23208,Democratic,0.68,0.34,0.66,0.32,09/14/2020 21:33:59,Open
1835,6789,Which party will win the 2020 House race in Iowa's 2nd District?,https://www.predictit.org/markets/detail/6789/Which-party-will-win-the-2020-House-race-in-Iowa's-2nd-District,23208,Democratic,0.68,0.34,0.66,0.32,09/14/2020 21:37:17,Open
1836,6789,Which party will win the 2020 House race in Iowa's 2nd District?,https://www.predictit.org/markets/detail/6789/Which-party-will-win-the-2020-House-race-in-Iowa's-2nd-District,23208,Democratic,0.68,0.34,0.66,0.32,09/14/2020 21:40:30,Open
1837,6789,Which party will win the 2020 House race in Iowa's 2nd District?,https://www.predictit.org/markets/detail/6789/Which-party-will-win-the-2020-House-race-in-Iowa's-2nd-District,23208,Democratic,0.68,0.34,0.66,0.32,09/14/2020 21:43:42,Open
1838,6789,Which party will win the 2020 House race in Iowa's 2nd District?,https://www.predictit.org/markets/detail/6789/Which-party-will-win-the-2020-House-race-in-Iowa's-2nd-District,23208,Democratic,0.68,0.34,0.66,0.32,09/14/2020 21:46:53,Open
1839,6789,Which party will win the 2020 House race in Iowa's 2nd District?,https://www.predictit.org/markets/detail/6789/Which-party-will-win-the-2020-House-race-in-Iowa's-2nd-District,23208,Democratic,0.68,0.34,0.66,0.32,09/14/2020 21:50:05,Open
1840,6789,Which party will win the 2020 House race in Iowa's 2nd District?,https://www.predictit.org/markets/detail/6789/Which-party-will-win-the-2020-House-race-in-Iowa's-2nd-District,23208,Democratic,0.68,0.34,0.66,0.32,09/14/2020 21:53:20,Open
1841,6789,Which party will win the 2020 House race in Iowa's 2nd District?,https://www.predictit.org/markets/detail/6789/Which-party-will-win-the-2020-House-race-in-Iowa's-2nd-District,23208,Democratic,0.68,0.34,0.66,0.32,09/14/2020 21:56:36,Open
1842,6789,Which party will win the 2020 House race in Iowa's 2nd District?,https://www.predictit.org/markets/detail/6789/Which-party-will-win-the-2020-House-race-in-Iowa's-2nd-District,23208,Democratic,0.68,0.34,0.66,0.32,09/14/2020 21:59:46,Open
1843,6789,Which party will win the 2020 House race in Iowa's 2nd District?,https://www.predictit.org/markets/detail/6789/Which-party-will-win-the-2020-House-race-in-Iowa's-2nd-District,23208,Democratic,0.68,0.34,0.66,0.32,09/14/2020 22:02:59,Open
1844,6789,Which party will win the 2020 House race in Iowa's 2nd District?,https://www.predictit.org/markets/detail/6789/Which-party-will-win-the-2020-House-race-in-Iowa's-2nd-District,23208,Democratic,0.68,0.34,0.66,0.32,09/14/2020 22:06:08,Open
1845,6789,Which party will win the 2020 House race in Iowa's 2nd District?,https://www.predictit.org/markets/detail/6789/Which-party-will-win-the-2020-House-race-in-Iowa's-2nd-District,23208,Democratic,0.68,0.34,0.66,0.32,09/14/2020 22:09:19,Open
1846,6789,Which party will win the 2020 House race in Iowa's 2nd District?,https://www.predictit.org/markets/detail/6789/Which-party-will-win-the-2020-House-race-in-Iowa's-2nd-District,23208,Democratic,0.68,0.34,0.66,0.32,09/14/2020 22:12:30,Open
1847,6789,Which party will win the 2020 House race in Iowa's 2nd District?,https://www.predictit.org/markets/detail/6789/Which-party-will-win-the-2020-House-race-in-Iowa's-2nd-District,23208,Democratic,0.68,0.34,0.66,0.32,09/14/2020 22:15:41,Open
1848,6789,Which party will win the 2020 House race in Iowa's 2nd District?,https://www.predictit.org/markets/detail/6789/Which-party-will-win-the-2020-House-race-in-Iowa's-2nd-District,23208,Democratic,0.68,0.34,0.66,0.32,09/14/2020 22:18:51,Open
1849,6789,Which party will win the 2020 House race in Iowa's 2nd District?,https://www.predictit.org/markets/detail/6789/Which-party-will-win-the-2020-House-race-in-Iowa's-2nd-District,23208,Democratic,0.68,0.34,0.66,0.32,09/14/2020 22:22:02,Open
1850,6789,Which party will win the 2020 House race in Iowa's 2nd District?,https://www.predictit.org/markets/detail/6789/Which-party-will-win-the-2020-House-race-in-Iowa's-2nd-District,23208,Democratic,0.68,0.34,0.66,0.32,09/14/2020 22:25:16,Open
1851,6789,Which party will win the 2020 House race in Iowa's 2nd District?,https://www.predictit.org/markets/detail/6789/Which-party-will-win-the-2020-House-race-in-Iowa's-2nd-District,23208,Democratic,0.68,0.34,0.66,0.32,09/14/2020 22:28:28,Open
1852,6789,Which party will win the 2020 House race in Iowa's 2nd District?,https://www.predictit.org/markets/detail/6789/Which-party-will-win-the-2020-House-race-in-Iowa's-2nd-District,23208,Democratic,0.68,0.34,0.66,0.32,09/14/2020 22:31:42,Open
1853,6789,Which party will win the 2020 House race in Iowa's 2nd District?,https://www.predictit.org/markets/detail/6789/Which-party-will-win-the-2020-House-race-in-Iowa's-2nd-District,23208,Democratic,0.68,0.34,0.66,0.32,09/14/2020 22:34:59,Open
1854,6789,Which party will win the 2020 House race in Iowa's 2nd District?,https://www.predictit.org/markets/detail/6789/Which-party-will-win-the-2020-House-race-in-Iowa's-2nd-District,23208,Democratic,0.68,0.34,0.66,0.32,09/14/2020 22:38:16,Open
1855,6789,Which party will win the 2020 House race in Iowa's 2nd District?,https://www.predictit.org/markets/detail/6789/Which-party-will-win-the-2020-House-race-in-Iowa's-2nd-District,23208,Democratic,0.68,0.34,0.66,0.32,09/14/2020 22:41:30,Open
1856,6789,Which party will win the 2020 House race in Iowa's 2nd District?,https://www.predictit.org/markets/detail/6789/Which-party-will-win-the-2020-House-race-in-Iowa's-2nd-District,23208,Democratic,0.68,0.34,0.66,0.32,09/14/2020 22:44:45,Open
1857,6789,Which party will win the 2020 House race in Iowa's 2nd District?,https://www.predictit.org/markets/detail/6789/Which-party-will-win-the-2020-House-race-in-Iowa's-2nd-District,23208,Democratic,0.68,0.34,0.66,0.32,09/14/2020 22:47:59,Open
1858,6789,Which party will win the 2020 House race in Iowa's 2nd District?,https://www.predictit.org/markets/detail/6789/Which-party-will-win-the-2020-House-race-in-Iowa's-2nd-District,23208,Democratic,0.68,0.34,0.66,0.32,09/14/2020 22:51:16,Open
1859,6789,Which party will win the 2020 House race in Iowa's 2nd District?,https://www.predictit.org/markets/detail/6789/Which-party-will-win-the-2020-House-race-in-Iowa's-2nd-District,23208,Democratic,0.68,0.34,0.66,0.32,09/14/2020 22:54:31,Open
1860,6789,Which party will win the 2020 House race in Iowa's 2nd District?,https://www.predictit.org/markets/detail/6789/Which-party-will-win-the-2020-House-race-in-Iowa's-2nd-District,23208,Democratic,0.68,0.34,0.66,0.32,09/14/2020 22:57:50,Open
1861,6789,Which party will win the 2020 House race in Iowa's 2nd District?,https://www.predictit.org/markets/detail/6789/Which-party-will-win-the-2020-House-race-in-Iowa's-2nd-District,23208,Democratic,0.68,0.34,0.66,0.32,09/14/2020 23:01:02,Open
1862,6789,Which party will win the 2020 House race in Iowa's 2nd District?,https://www.predictit.org/markets/detail/6789/Which-party-will-win-the-2020-House-race-in-Iowa's-2nd-District,23208,Democratic,0.68,0.34,0.66,0.32,09/14/2020 23:04:19,Open
1863,6789,Which party will win the 2020 House race in Iowa's 2nd District?,https://www.predictit.org/markets/detail/6789/Which-party-will-win-the-2020-House-race-in-Iowa's-2nd-District,23208,Democratic,0.68,0.34,0.66,0.32,09/14/2020 23:07:38,Open
1864,6789,Which party will win the 2020 House race in Iowa's 2nd District?,https://www.predictit.org/markets/detail/6789/Which-party-will-win-the-2020-House-race-in-Iowa's-2nd-District,23208,Democratic,0.68,0.34,0.66,0.32,09/14/2020 23:10:52,Open
1865,6789,Which party will win the 2020 House race in Iowa's 2nd District?,https://www.predictit.org/markets/detail/6789/Which-party-will-win-the-2020-House-race-in-Iowa's-2nd-District,23208,Democratic,0.68,0.34,0.66,0.32,09/14/2020 23:14:08,Open
1866,6789,Which party will win the 2020 House race in Iowa's 2nd District?,https://www.predictit.org/markets/detail/6789/Which-party-will-win-the-2020-House-race-in-Iowa's-2nd-District,23208,Democratic,0.68,0.34,0.66,0.32,09/14/2020 23:17:24,Open
1867,6789,Which party will win the 2020 House race in Iowa's 2nd District?,https://www.predictit.org/markets/detail/6789/Which-party-will-win-the-2020-House-race-in-Iowa's-2nd-District,23208,Democratic,0.68,0.34,0.66,0.32,09/14/2020 23:20:39,Open
1868,6789,Which party will win the 2020 House race in Iowa's 2nd District?,https://www.predictit.org/markets/detail/6789/Which-party-will-win-the-2020-House-race-in-Iowa's-2nd-District,23208,Democratic,0.68,0.34,0.66,0.32,09/14/2020 23:23:56,Open
1869,6789,Which party will win the 2020 House race in Iowa's 2nd District?,https://www.predictit.org/markets/detail/6789/Which-party-will-win-the-2020-House-race-in-Iowa's-2nd-District,23208,Democratic,0.68,0.34,0.66,0.32,09/14/2020 23:27:10,Open
1870,6789,Which party will win the 2020 House race in Iowa's 2nd District?,https://www.predictit.org/markets/detail/6789/Which-party-will-win-the-2020-House-race-in-Iowa's-2nd-District,23208,Democratic,0.68,0.34,0.66,0.32,09/14/2020 23:30:28,Open
1871,6789,Which party will win the 2020 House race in Iowa's 2nd District?,https://www.predictit.org/markets/detail/6789/Which-party-will-win-the-2020-House-race-in-Iowa's-2nd-District,23208,Democratic,0.68,0.34,0.66,0.32,09/14/2020 23:33:41,Open
1872,6789,Which party will win the 2020 House race in Iowa's 2nd District?,https://www.predictit.org/markets/detail/6789/Which-party-will-win-the-2020-House-race-in-Iowa's-2nd-District,23208,Democratic,0.68,0.34,0.66,0.32,09/14/2020 23:36:59,Open
1873,6789,Which party will win the 2020 House race in Iowa's 2nd District?,https://www.predictit.org/markets/detail/6789/Which-party-will-win-the-2020-House-race-in-Iowa's-2nd-District,23208,Democratic,0.68,0.34,0.66,0.32,09/14/2020 23:40:16,Open
1874,6789,Which party will win the 2020 House race in Iowa's 2nd District?,https://www.predictit.org/markets/detail/6789/Which-party-will-win-the-2020-House-race-in-Iowa's-2nd-District,23208,Democratic,0.68,0.34,0.66,0.32,09/14/2020 23:43:28,Open
1875,6789,Which party will win the 2020 House race in Iowa's 2nd District?,https://www.predictit.org/markets/detail/6789/Which-party-will-win-the-2020-House-race-in-Iowa's-2nd-District,23208,Democratic,0.68,0.34,0.66,0.32,09/14/2020 23:46:45,Open
1876,6789,Which party will win the 2020 House race in Iowa's 2nd District?,https://www.predictit.org/markets/detail/6789/Which-party-will-win-the-2020-House-race-in-Iowa's-2nd-District,23208,Democratic,0.68,0.34,0.66,0.32,09/14/2020 23:50:00,Open
1877,6789,Which party will win the 2020 House race in Iowa's 2nd District?,https://www.predictit.org/markets/detail/6789/Which-party-will-win-the-2020-House-race-in-Iowa's-2nd-District,23208,Democratic,0.68,0.34,0.66,0.32,09/14/2020 23:53:15,Open
1878,6789,Which party will win the 2020 House race in Iowa's 2nd District?,https://www.predictit.org/markets/detail/6789/Which-party-will-win-the-2020-House-race-in-Iowa's-2nd-District,23208,Democratic,0.68,0.34,0.66,0.32,09/14/2020 23:56:33,Open
1879,6789,Which party will win the 2020 House race in Iowa's 2nd District?,https://www.predictit.org/markets/detail/6789/Which-party-will-win-the-2020-House-race-in-Iowa's-2nd-District,23208,Democratic,0.68,0.34,0.66,0.32,09/14/2020 23:59:46,Open
1880,6789,Which party will win the 2020 House race in Iowa's 2nd District?,https://www.predictit.org/markets/detail/6789/Which-party-will-win-the-2020-House-race-in-Iowa's-2nd-District,23208,Democratic,0.68,0.34,0.66,0.32,09/15/2020 00:03:08,Open
1881,6789,Which party will win the 2020 House race in Iowa's 2nd District?,https://www.predictit.org/markets/detail/6789/Which-party-will-win-the-2020-House-race-in-Iowa's-2nd-District,23208,Democratic,0.68,0.34,0.66,0.32,09/15/2020 00:06:26,Open
1882,6789,Which party will win the 2020 House race in Iowa's 2nd District?,https://www.predictit.org/markets/detail/6789/Which-party-will-win-the-2020-House-race-in-Iowa's-2nd-District,23208,Democratic,0.68,0.34,0.66,0.32,09/15/2020 00:09:39,Open
1883,6789,Which party will win the 2020 House race in Iowa's 2nd District?,https://www.predictit.org/markets/detail/6789/Which-party-will-win-the-2020-House-race-in-Iowa's-2nd-District,23208,Democratic,0.68,0.34,0.66,0.32,09/15/2020 00:12:54,Open
1884,6789,Which party will win the 2020 House race in Iowa's 2nd District?,https://www.predictit.org/markets/detail/6789/Which-party-will-win-the-2020-House-race-in-Iowa's-2nd-District,23208,Democratic,0.68,0.34,0.66,0.32,09/15/2020 00:16:10,Open
1885,6789,Which party will win the 2020 House race in Iowa's 2nd District?,https://www.predictit.org/markets/detail/6789/Which-party-will-win-the-2020-House-race-in-Iowa's-2nd-District,23208,Democratic,0.68,0.34,0.66,0.32,09/15/2020 00:19:24,Open
1886,6789,Which party will win the 2020 House race in Iowa's 2nd District?,https://www.predictit.org/markets/detail/6789/Which-party-will-win-the-2020-House-race-in-Iowa's-2nd-District,23208,Democratic,0.68,0.34,0.66,0.32,09/15/2020 00:22:36,Open
1887,6789,Which party will win the 2020 House race in Iowa's 2nd District?,https://www.predictit.org/markets/detail/6789/Which-party-will-win-the-2020-House-race-in-Iowa's-2nd-District,23208,Democratic,0.68,0.34,0.66,0.32,09/15/2020 00:25:48,Open
1888,6789,Which party will win the 2020 House race in Iowa's 2nd District?,https://www.predictit.org/markets/detail/6789/Which-party-will-win-the-2020-House-race-in-Iowa's-2nd-District,23208,Democratic,0.68,0.34,0.66,0.32,09/15/2020 00:29:04,Open
1889,6789,Which party will win the 2020 House race in Iowa's 2nd District?,https://www.predictit.org/markets/detail/6789/Which-party-will-win-the-2020-House-race-in-Iowa's-2nd-District,23208,Democratic,0.68,0.34,0.66,0.32,09/15/2020 00:32:18,Open
1890,6789,Which party will win the 2020 House race in Iowa's 2nd District?,https://www.predictit.org/markets/detail/6789/Which-party-will-win-the-2020-House-race-in-Iowa's-2nd-District,23208,Democratic,0.68,0.34,0.66,0.32,09/15/2020 00:35:33,Open
1891,6789,Which party will win the 2020 House race in Iowa's 2nd District?,https://www.predictit.org/markets/detail/6789/Which-party-will-win-the-2020-House-race-in-Iowa's-2nd-District,23208,Democratic,0.68,0.34,0.66,0.32,09/15/2020 00:38:50,Open
1892,6789,Which party will win the 2020 House race in Iowa's 2nd District?,https://www.predictit.org/markets/detail/6789/Which-party-will-win-the-2020-House-race-in-Iowa's-2nd-District,23208,Democratic,0.68,0.34,0.66,0.32,09/15/2020 00:42:03,Open
1893,6789,Which party will win the 2020 House race in Iowa's 2nd District?,https://www.predictit.org/markets/detail/6789/Which-party-will-win-the-2020-House-race-in-Iowa's-2nd-District,23208,Democratic,0.68,0.34,0.66,0.32,09/15/2020 00:45:17,Open
1894,6789,Which party will win the 2020 House race in Iowa's 2nd District?,https://www.predictit.org/markets/detail/6789/Which-party-will-win-the-2020-House-race-in-Iowa's-2nd-District,23208,Democratic,0.68,0.34,0.66,0.32,09/15/2020 00:48:32,Open
1895,6789,Which party will win the 2020 House race in Iowa's 2nd District?,https://www.predictit.org/markets/detail/6789/Which-party-will-win-the-2020-House-race-in-Iowa's-2nd-District,23208,Democratic,0.68,0.34,0.66,0.32,09/15/2020 00:51:49,Open
1896,6789,Which party will win the 2020 House race in Iowa's 2nd District?,https://www.predictit.org/markets/detail/6789/Which-party-will-win-the-2020-House-race-in-Iowa's-2nd-District,23208,Democratic,0.68,0.34,0.66,0.32,09/15/2020 00:55:04,Open
1897,6789,Which party will win the 2020 House race in Iowa's 2nd District?,https://www.predictit.org/markets/detail/6789/Which-party-will-win-the-2020-House-race-in-Iowa's-2nd-District,23208,Democratic,0.68,0.34,0.66,0.32,09/15/2020 00:58:19,Open
1898,6789,Which party will win the 2020 House race in Iowa's 2nd District?,https://www.predictit.org/markets/detail/6789/Which-party-will-win-the-2020-House-race-in-Iowa's-2nd-District,23208,Democratic,0.68,0.34,0.66,0.32,09/15/2020 01:01:33,Open
1899,6789,Which party will win the 2020 House race in Iowa's 2nd District?,https://www.predictit.org/markets/detail/6789/Which-party-will-win-the-2020-House-race-in-Iowa's-2nd-District,23208,Democratic,0.68,0.34,0.66,0.32,09/15/2020 01:04:49,Open
1900,6789,Which party will win the 2020 House race in Iowa's 2nd District?,https://www.predictit.org/markets/detail/6789/Which-party-will-win-the-2020-House-race-in-Iowa's-2nd-District,23208,Democratic,0.68,0.34,0.66,0.32,09/15/2020 01:08:05,Open
1901,6789,Which party will win the 2020 House race in Iowa's 2nd District?,https://www.predictit.org/markets/detail/6789/Which-party-will-win-the-2020-House-race-in-Iowa's-2nd-District,23208,Democratic,0.68,0.34,0.66,0.32,09/15/2020 01:11:24,Open
1902,6789,Which party will win the 2020 House race in Iowa's 2nd District?,https://www.predictit.org/markets/detail/6789/Which-party-will-win-the-2020-House-race-in-Iowa's-2nd-District,23208,Democratic,0.68,0.34,0.66,0.32,09/15/2020 01:14:39,Open
1903,6789,Which party will win the 2020 House race in Iowa's 2nd District?,https://www.predictit.org/markets/detail/6789/Which-party-will-win-the-2020-House-race-in-Iowa's-2nd-District,23208,Democratic,0.68,0.34,0.66,0.32,09/15/2020 01:17:57,Open
1904,6789,Which party will win the 2020 House race in Iowa's 2nd District?,https://www.predictit.org/markets/detail/6789/Which-party-will-win-the-2020-House-race-in-Iowa's-2nd-District,23208,Democratic,0.68,0.34,0.66,0.32,09/15/2020 01:21:08,Open
1905,6789,Which party will win the 2020 House race in Iowa's 2nd District?,https://www.predictit.org/markets/detail/6789/Which-party-will-win-the-2020-House-race-in-Iowa's-2nd-District,23208,Democratic,0.68,0.34,0.66,0.32,09/15/2020 01:24:21,Open
1906,6789,Which party will win the 2020 House race in Iowa's 2nd District?,https://www.predictit.org/markets/detail/6789/Which-party-will-win-the-2020-House-race-in-Iowa's-2nd-District,23208,Democratic,0.68,0.34,0.66,0.32,09/15/2020 01:27:40,Open
1907,6789,Which party will win the 2020 House race in Iowa's 2nd District?,https://www.predictit.org/markets/detail/6789/Which-party-will-win-the-2020-House-race-in-Iowa's-2nd-District,23208,Democratic,0.68,0.34,0.66,0.32,09/15/2020 01:30:57,Open
1908,6789,Which party will win the 2020 House race in Iowa's 2nd District?,https://www.predictit.org/markets/detail/6789/Which-party-will-win-the-2020-House-race-in-Iowa's-2nd-District,23208,Democratic,0.68,0.34,0.66,0.32,09/15/2020 01:34:12,Open
1909,6789,Which party will win the 2020 House race in Iowa's 2nd District?,https://www.predictit.org/markets/detail/6789/Which-party-will-win-the-2020-House-race-in-Iowa's-2nd-District,23208,Democratic,0.68,0.34,0.66,0.32,09/15/2020 01:37:31,Open
1910,6789,Which party will win the 2020 House race in Iowa's 2nd District?,https://www.predictit.org/markets/detail/6789/Which-party-will-win-the-2020-House-race-in-Iowa's-2nd-District,23208,Democratic,0.68,0.34,0.66,0.32,09/15/2020 01:40:53,Open
1911,6789,Which party will win the 2020 House race in Iowa's 2nd District?,https://www.predictit.org/markets/detail/6789/Which-party-will-win-the-2020-House-race-in-Iowa's-2nd-District,23208,Democratic,0.68,0.34,0.66,0.32,09/15/2020 01:44:11,Open
1912,6789,Which party will win the 2020 House race in Iowa's 2nd District?,https://www.predictit.org/markets/detail/6789/Which-party-will-win-the-2020-House-race-in-Iowa's-2nd-District,23208,Democratic,0.68,0.34,0.66,0.32,09/15/2020 01:47:24,Open
1913,6789,Which party will win the 2020 House race in Iowa's 2nd District?,https://www.predictit.org/markets/detail/6789/Which-party-will-win-the-2020-House-race-in-Iowa's-2nd-District,23208,Democratic,0.68,0.34,0.66,0.32,09/15/2020 01:50:47,Open
1914,6789,Which party will win the 2020 House race in Iowa's 2nd District?,https://www.predictit.org/markets/detail/6789/Which-party-will-win-the-2020-House-race-in-Iowa's-2nd-District,23208,Democratic,0.68,0.34,0.66,0.32,09/15/2020 01:54:00,Open
1915,6789,Which party will win the 2020 House race in Iowa's 2nd District?,https://www.predictit.org/markets/detail/6789/Which-party-will-win-the-2020-House-race-in-Iowa's-2nd-District,23208,Democratic,0.68,0.34,0.66,0.32,09/15/2020 01:57:22,Open
1916,6789,Which party will win the 2020 House race in Iowa's 2nd District?,https://www.predictit.org/markets/detail/6789/Which-party-will-win-the-2020-House-race-in-Iowa's-2nd-District,23208,Democratic,0.67,0.34,0.66,0.33,09/15/2020 02:00:43,Open
1917,6789,Which party will win the 2020 House race in Iowa's 2nd District?,https://www.predictit.org/markets/detail/6789/Which-party-will-win-the-2020-House-race-in-Iowa's-2nd-District,23208,Democratic,0.67,0.34,0.66,0.33,09/15/2020 02:03:58,Open
1918,6789,Which party will win the 2020 House race in Iowa's 2nd District?,https://www.predictit.org/markets/detail/6789/Which-party-will-win-the-2020-House-race-in-Iowa's-2nd-District,23208,Democratic,0.67,0.34,0.66,0.33,09/15/2020 02:07:15,Open
1919,6789,Which party will win the 2020 House race in Iowa's 2nd District?,https://www.predictit.org/markets/detail/6789/Which-party-will-win-the-2020-House-race-in-Iowa's-2nd-District,23208,Democratic,0.67,0.34,0.66,0.33,09/15/2020 02:10:30,Open
1920,6789,Which party will win the 2020 House race in Iowa's 2nd District?,https://www.predictit.org/markets/detail/6789/Which-party-will-win-the-2020-House-race-in-Iowa's-2nd-District,23208,Democratic,0.67,0.34,0.66,0.33,09/15/2020 02:13:47,Open
1921,6789,Which party will win the 2020 House race in Iowa's 2nd District?,https://www.predictit.org/markets/detail/6789/Which-party-will-win-the-2020-House-race-in-Iowa's-2nd-District,23208,Democratic,0.67,0.34,0.66,0.33,09/15/2020 02:17:05,Open
1922,6789,Which party will win the 2020 House race in Iowa's 2nd District?,https://www.predictit.org/markets/detail/6789/Which-party-will-win-the-2020-House-race-in-Iowa's-2nd-District,23208,Democratic,0.67,0.34,0.66,0.33,09/15/2020 02:20:22,Open
1923,6789,Which party will win the 2020 House race in Iowa's 2nd District?,https://www.predictit.org/markets/detail/6789/Which-party-will-win-the-2020-House-race-in-Iowa's-2nd-District,23208,Democratic,0.67,0.34,0.66,0.33,09/15/2020 02:23:39,Open
1924,6789,Which party will win the 2020 House race in Iowa's 2nd District?,https://www.predictit.org/markets/detail/6789/Which-party-will-win-the-2020-House-race-in-Iowa's-2nd-District,23208,Democratic,0.67,0.34,0.66,0.33,09/15/2020 02:26:59,Open
1925,6789,Which party will win the 2020 House race in Iowa's 2nd District?,https://www.predictit.org/markets/detail/6789/Which-party-will-win-the-2020-House-race-in-Iowa's-2nd-District,23208,Democratic,0.67,0.34,0.66,0.33,09/15/2020 02:30:32,Open
1926,6789,Which party will win the 2020 House race in Iowa's 2nd District?,https://www.predictit.org/markets/detail/6789/Which-party-will-win-the-2020-House-race-in-Iowa's-2nd-District,23208,Democratic,0.67,0.34,0.66,0.33,09/15/2020 02:33:47,Open
1927,6789,Which party will win the 2020 House race in Iowa's 2nd District?,https://www.predictit.org/markets/detail/6789/Which-party-will-win-the-2020-House-race-in-Iowa's-2nd-District,23208,Democratic,0.67,0.34,0.66,0.33,09/15/2020 02:37:04,Open
1928,6789,Which party will win the 2020 House race in Iowa's 2nd District?,https://www.predictit.org/markets/detail/6789/Which-party-will-win-the-2020-House-race-in-Iowa's-2nd-District,23208,Democratic,0.67,0.34,0.66,0.33,09/15/2020 02:40:32,Open
1929,6789,Which party will win the 2020 House race in Iowa's 2nd District?,https://www.predictit.org/markets/detail/6789/Which-party-will-win-the-2020-House-race-in-Iowa's-2nd-District,23208,Democratic,0.67,0.34,0.66,0.33,09/15/2020 02:43:49,Open
1930,6789,Which party will win the 2020 House race in Iowa's 2nd District?,https://www.predictit.org/markets/detail/6789/Which-party-will-win-the-2020-House-race-in-Iowa's-2nd-District,23208,Democratic,0.67,0.34,0.66,0.33,09/15/2020 02:47:04,Open
1931,6789,Which party will win the 2020 House race in Iowa's 2nd District?,https://www.predictit.org/markets/detail/6789/Which-party-will-win-the-2020-House-race-in-Iowa's-2nd-District,23208,Democratic,0.67,0.34,0.66,0.33,09/15/2020 02:50:22,Open
1932,6789,Which party will win the 2020 House race in Iowa's 2nd District?,https://www.predictit.org/markets/detail/6789/Which-party-will-win-the-2020-House-race-in-Iowa's-2nd-District,23208,Democratic,0.67,0.34,0.66,0.33,09/15/2020 02:53:37,Open
1933,6789,Which party will win the 2020 House race in Iowa's 2nd District?,https://www.predictit.org/markets/detail/6789/Which-party-will-win-the-2020-House-race-in-Iowa's-2nd-District,23208,Democratic,0.67,0.34,0.66,0.33,09/15/2020 02:56:55,Open
1934,6789,Which party will win the 2020 House race in Iowa's 2nd District?,https://www.predictit.org/markets/detail/6789/Which-party-will-win-the-2020-House-race-in-Iowa's-2nd-District,23208,Democratic,0.67,0.34,0.66,0.33,09/15/2020 03:00:14,Open
1935,6789,Which party will win the 2020 House race in Iowa's 2nd District?,https://www.predictit.org/markets/detail/6789/Which-party-will-win-the-2020-House-race-in-Iowa's-2nd-District,23208,Democratic,0.67,0.34,0.66,0.33,09/15/2020 03:03:28,Open
1936,6789,Which party will win the 2020 House race in Iowa's 2nd District?,https://www.predictit.org/markets/detail/6789/Which-party-will-win-the-2020-House-race-in-Iowa's-2nd-District,23208,Democratic,0.67,0.34,0.66,0.33,09/15/2020 03:06:42,Open
1937,6789,Which party will win the 2020 House race in Iowa's 2nd District?,https://www.predictit.org/markets/detail/6789/Which-party-will-win-the-2020-House-race-in-Iowa's-2nd-District,23208,Democratic,0.67,0.34,0.66,0.33,09/15/2020 03:09:56,Open
1938,6789,Which party will win the 2020 House race in Iowa's 2nd District?,https://www.predictit.org/markets/detail/6789/Which-party-will-win-the-2020-House-race-in-Iowa's-2nd-District,23208,Democratic,0.67,0.34,0.66,0.33,09/15/2020 03:13:15,Open
1939,6789,Which party will win the 2020 House race in Iowa's 2nd District?,https://www.predictit.org/markets/detail/6789/Which-party-will-win-the-2020-House-race-in-Iowa's-2nd-District,23208,Democratic,0.67,0.34,0.66,0.33,09/15/2020 03:16:32,Open
1940,6789,Which party will win the 2020 House race in Iowa's 2nd District?,https://www.predictit.org/markets/detail/6789/Which-party-will-win-the-2020-House-race-in-Iowa's-2nd-District,23208,Democratic,0.67,0.34,0.66,0.33,09/15/2020 03:19:51,Open
1941,6789,Which party will win the 2020 House race in Iowa's 2nd District?,https://www.predictit.org/markets/detail/6789/Which-party-will-win-the-2020-House-race-in-Iowa's-2nd-District,23208,Democratic,0.67,0.34,0.66,0.33,09/15/2020 03:23:12,Open
1942,6789,Which party will win the 2020 House race in Iowa's 2nd District?,https://www.predictit.org/markets/detail/6789/Which-party-will-win-the-2020-House-race-in-Iowa's-2nd-District,23208,Democratic,0.67,0.34,0.66,0.33,09/15/2020 03:26:30,Open
1943,6789,Which party will win the 2020 House race in Iowa's 2nd District?,https://www.predictit.org/markets/detail/6789/Which-party-will-win-the-2020-House-race-in-Iowa's-2nd-District,23208,Democratic,0.67,0.34,0.66,0.33,09/15/2020 03:29:49,Open
1944,6789,Which party will win the 2020 House race in Iowa's 2nd District?,https://www.predictit.org/markets/detail/6789/Which-party-will-win-the-2020-House-race-in-Iowa's-2nd-District,23208,Democratic,0.67,0.34,0.66,0.33,09/15/2020 03:33:10,Open
1945,6789,Which party will win the 2020 House race in Iowa's 2nd District?,https://www.predictit.org/markets/detail/6789/Which-party-will-win-the-2020-House-race-in-Iowa's-2nd-District,23208,Democratic,0.67,0.34,0.66,0.33,09/15/2020 03:36:24,Open
1946,6789,Which party will win the 2020 House race in Iowa's 2nd District?,https://www.predictit.org/markets/detail/6789/Which-party-will-win-the-2020-House-race-in-Iowa's-2nd-District,23208,Democratic,0.67,0.34,0.66,0.33,09/15/2020 03:39:43,Open
1947,6789,Which party will win the 2020 House race in Iowa's 2nd District?,https://www.predictit.org/markets/detail/6789/Which-party-will-win-the-2020-House-race-in-Iowa's-2nd-District,23208,Democratic,0.67,0.34,0.66,0.33,09/15/2020 03:43:03,Open
1948,6789,Which party will win the 2020 House race in Iowa's 2nd District?,https://www.predictit.org/markets/detail/6789/Which-party-will-win-the-2020-House-race-in-Iowa's-2nd-District,23208,Democratic,0.67,0.34,0.66,0.33,09/15/2020 03:46:18,Open
1949,6789,Which party will win the 2020 House race in Iowa's 2nd District?,https://www.predictit.org/markets/detail/6789/Which-party-will-win-the-2020-House-race-in-Iowa's-2nd-District,23208,Democratic,0.67,0.34,0.66,0.33,09/15/2020 03:49:37,Open
1950,6789,Which party will win the 2020 House race in Iowa's 2nd District?,https://www.predictit.org/markets/detail/6789/Which-party-will-win-the-2020-House-race-in-Iowa's-2nd-District,23208,Democratic,0.67,0.34,0.66,0.33,09/15/2020 03:52:53,Open
1951,6789,Which party will win the 2020 House race in Iowa's 2nd District?,https://www.predictit.org/markets/detail/6789/Which-party-will-win-the-2020-House-race-in-Iowa's-2nd-District,23208,Democratic,0.67,0.34,0.66,0.33,09/15/2020 03:56:13,Open
1952,6789,Which party will win the 2020 House race in Iowa's 2nd District?,https://www.predictit.org/markets/detail/6789/Which-party-will-win-the-2020-House-race-in-Iowa's-2nd-District,23208,Democratic,0.67,0.34,0.66,0.33,09/15/2020 03:59:34,Open
1953,6789,Which party will win the 2020 House race in Iowa's 2nd District?,https://www.predictit.org/markets/detail/6789/Which-party-will-win-the-2020-House-race-in-Iowa's-2nd-District,23208,Democratic,0.67,0.34,0.66,0.33,09/15/2020 04:02:57,Open
1954,6789,Which party will win the 2020 House race in Iowa's 2nd District?,https://www.predictit.org/markets/detail/6789/Which-party-will-win-the-2020-House-race-in-Iowa's-2nd-District,23208,Democratic,0.67,0.34,0.66,0.33,09/15/2020 04:06:16,Open
1955,6789,Which party will win the 2020 House race in Iowa's 2nd District?,https://www.predictit.org/markets/detail/6789/Which-party-will-win-the-2020-House-race-in-Iowa's-2nd-District,23208,Democratic,0.67,0.34,0.66,0.33,09/15/2020 04:09:31,Open
1956,6789,Which party will win the 2020 House race in Iowa's 2nd District?,https://www.predictit.org/markets/detail/6789/Which-party-will-win-the-2020-House-race-in-Iowa's-2nd-District,23208,Democratic,0.67,0.34,0.66,0.33,09/15/2020 04:12:50,Open
1957,6789,Which party will win the 2020 House race in Iowa's 2nd District?,https://www.predictit.org/markets/detail/6789/Which-party-will-win-the-2020-House-race-in-Iowa's-2nd-District,23208,Democratic,0.67,0.34,0.66,0.33,09/15/2020 04:16:10,Open
1958,6789,Which party will win the 2020 House race in Iowa's 2nd District?,https://www.predictit.org/markets/detail/6789/Which-party-will-win-the-2020-House-race-in-Iowa's-2nd-District,23208,Democratic,0.67,0.34,0.66,0.33,09/15/2020 04:19:25,Open
1959,6789,Which party will win the 2020 House race in Iowa's 2nd District?,https://www.predictit.org/markets/detail/6789/Which-party-will-win-the-2020-House-race-in-Iowa's-2nd-District,23208,Democratic,0.67,0.34,0.66,0.33,09/15/2020 04:22:43,Open
1960,6789,Which party will win the 2020 House race in Iowa's 2nd District?,https://www.predictit.org/markets/detail/6789/Which-party-will-win-the-2020-House-race-in-Iowa's-2nd-District,23208,Democratic,0.67,0.34,0.66,0.33,09/15/2020 04:25:59,Open
1961,6789,Which party will win the 2020 House race in Iowa's 2nd District?,https://www.predictit.org/markets/detail/6789/Which-party-will-win-the-2020-House-race-in-Iowa's-2nd-District,23208,Democratic,0.67,0.34,0.66,0.33,09/15/2020 04:29:16,Open
1962,6789,Which party will win the 2020 House race in Iowa's 2nd District?,https://www.predictit.org/markets/detail/6789/Which-party-will-win-the-2020-House-race-in-Iowa's-2nd-District,23208,Democratic,0.67,0.34,0.66,0.33,09/15/2020 04:32:33,Open
1963,6789,Which party will win the 2020 House race in Iowa's 2nd District?,https://www.predictit.org/markets/detail/6789/Which-party-will-win-the-2020-House-race-in-Iowa's-2nd-District,23208,Democratic,0.67,0.34,0.66,0.33,09/15/2020 04:35:46,Open
1964,6789,Which party will win the 2020 House race in Iowa's 2nd District?,https://www.predictit.org/markets/detail/6789/Which-party-will-win-the-2020-House-race-in-Iowa's-2nd-District,23208,Democratic,0.67,0.34,0.66,0.33,09/15/2020 04:39:00,Open
1965,6789,Which party will win the 2020 House race in Iowa's 2nd District?,https://www.predictit.org/markets/detail/6789/Which-party-will-win-the-2020-House-race-in-Iowa's-2nd-District,23208,Democratic,0.67,0.34,0.66,0.33,09/15/2020 04:42:21,Open
1966,6789,Which party will win the 2020 House race in Iowa's 2nd District?,https://www.predictit.org/markets/detail/6789/Which-party-will-win-the-2020-House-race-in-Iowa's-2nd-District,23208,Democratic,0.67,0.34,0.66,0.33,09/15/2020 04:45:37,Open
1967,6789,Which party will win the 2020 House race in Iowa's 2nd District?,https://www.predictit.org/markets/detail/6789/Which-party-will-win-the-2020-House-race-in-Iowa's-2nd-District,23208,Democratic,0.67,0.34,0.66,0.33,09/15/2020 04:48:53,Open
1968,6789,Which party will win the 2020 House race in Iowa's 2nd District?,https://www.predictit.org/markets/detail/6789/Which-party-will-win-the-2020-House-race-in-Iowa's-2nd-District,23208,Democratic,0.67,0.34,0.66,0.33,09/15/2020 04:52:08,Open
1969,6789,Which party will win the 2020 House race in Iowa's 2nd District?,https://www.predictit.org/markets/detail/6789/Which-party-will-win-the-2020-House-race-in-Iowa's-2nd-District,23208,Democratic,0.67,0.34,0.66,0.33,09/15/2020 04:55:24,Open
1970,6789,Which party will win the 2020 House race in Iowa's 2nd District?,https://www.predictit.org/markets/detail/6789/Which-party-will-win-the-2020-House-race-in-Iowa's-2nd-District,23208,Democratic,0.67,0.34,0.66,0.33,09/15/2020 04:58:41,Open
1971,6789,Which party will win the 2020 House race in Iowa's 2nd District?,https://www.predictit.org/markets/detail/6789/Which-party-will-win-the-2020-House-race-in-Iowa's-2nd-District,23208,Democratic,0.67,0.34,0.66,0.33,09/15/2020 05:02:00,Open
1972,6789,Which party will win the 2020 House race in Iowa's 2nd District?,https://www.predictit.org/markets/detail/6789/Which-party-will-win-the-2020-House-race-in-Iowa's-2nd-District,23208,Democratic,0.67,0.34,0.66,0.33,09/15/2020 05:05:18,Open
1973,6789,Which party will win the 2020 House race in Iowa's 2nd District?,https://www.predictit.org/markets/detail/6789/Which-party-will-win-the-2020-House-race-in-Iowa's-2nd-District,23208,Democratic,0.67,0.34,0.66,0.33,09/15/2020 05:08:32,Open
1974,6789,Which party will win the 2020 House race in Iowa's 2nd District?,https://www.predictit.org/markets/detail/6789/Which-party-will-win-the-2020-House-race-in-Iowa's-2nd-District,23208,Democratic,0.67,0.34,0.66,0.33,09/15/2020 05:11:52,Open
1975,6789,Which party will win the 2020 House race in Iowa's 2nd District?,https://www.predictit.org/markets/detail/6789/Which-party-will-win-the-2020-House-race-in-Iowa's-2nd-District,23208,Democratic,0.67,0.34,0.66,0.33,09/15/2020 05:15:08,Open
1976,6789,Which party will win the 2020 House race in Iowa's 2nd District?,https://www.predictit.org/markets/detail/6789/Which-party-will-win-the-2020-House-race-in-Iowa's-2nd-District,23208,Democratic,0.67,0.34,0.66,0.33,09/15/2020 05:18:22,Open
1977,6789,Which party will win the 2020 House race in Iowa's 2nd District?,https://www.predictit.org/markets/detail/6789/Which-party-will-win-the-2020-House-race-in-Iowa's-2nd-District,23208,Democratic,0.67,0.34,0.66,0.33,09/15/2020 05:21:42,Open
1978,6789,Which party will win the 2020 House race in Iowa's 2nd District?,https://www.predictit.org/markets/detail/6789/Which-party-will-win-the-2020-House-race-in-Iowa's-2nd-District,23208,Democratic,0.67,0.34,0.66,0.33,09/15/2020 05:24:56,Open
1979,6789,Which party will win the 2020 House race in Iowa's 2nd District?,https://www.predictit.org/markets/detail/6789/Which-party-will-win-the-2020-House-race-in-Iowa's-2nd-District,23208,Democratic,0.67,0.34,0.66,0.33,09/15/2020 05:28:14,Open
1980,6789,Which party will win the 2020 House race in Iowa's 2nd District?,https://www.predictit.org/markets/detail/6789/Which-party-will-win-the-2020-House-race-in-Iowa's-2nd-District,23208,Democratic,0.67,0.34,0.66,0.33,09/15/2020 05:31:34,Open
1981,6789,Which party will win the 2020 House race in Iowa's 2nd District?,https://www.predictit.org/markets/detail/6789/Which-party-will-win-the-2020-House-race-in-Iowa's-2nd-District,23208,Democratic,0.67,0.34,0.66,0.33,09/15/2020 05:34:48,Open
1982,6789,Which party will win the 2020 House race in Iowa's 2nd District?,https://www.predictit.org/markets/detail/6789/Which-party-will-win-the-2020-House-race-in-Iowa's-2nd-District,23208,Democratic,0.67,0.34,0.66,0.33,09/15/2020 05:38:04,Open
1983,6789,Which party will win the 2020 House race in Iowa's 2nd District?,https://www.predictit.org/markets/detail/6789/Which-party-will-win-the-2020-House-race-in-Iowa's-2nd-District,23208,Democratic,0.67,0.34,0.66,0.33,09/15/2020 05:41:20,Open
1984,6789,Which party will win the 2020 House race in Iowa's 2nd District?,https://www.predictit.org/markets/detail/6789/Which-party-will-win-the-2020-House-race-in-Iowa's-2nd-District,23208,Democratic,0.67,0.34,0.66,0.33,09/15/2020 05:44:49,Open
1985,6789,Which party will win the 2020 House race in Iowa's 2nd District?,https://www.predictit.org/markets/detail/6789/Which-party-will-win-the-2020-House-race-in-Iowa's-2nd-District,23208,Democratic,0.67,0.34,0.66,0.33,09/15/2020 05:48:08,Open
1986,6789,Which party will win the 2020 House race in Iowa's 2nd District?,https://www.predictit.org/markets/detail/6789/Which-party-will-win-the-2020-House-race-in-Iowa's-2nd-District,23208,Democratic,0.67,0.34,0.66,0.33,09/15/2020 05:51:23,Open
1987,6789,Which party will win the 2020 House race in Iowa's 2nd District?,https://www.predictit.org/markets/detail/6789/Which-party-will-win-the-2020-House-race-in-Iowa's-2nd-District,23208,Democratic,0.67,0.34,0.66,0.33,09/15/2020 05:54:44,Open
1988,6789,Which party will win the 2020 House race in Iowa's 2nd District?,https://www.predictit.org/markets/detail/6789/Which-party-will-win-the-2020-House-race-in-Iowa's-2nd-District,23208,Democratic,0.67,0.34,0.66,0.33,09/15/2020 05:58:00,Open
1989,6789,Which party will win the 2020 House race in Iowa's 2nd District?,https://www.predictit.org/markets/detail/6789/Which-party-will-win-the-2020-House-race-in-Iowa's-2nd-District,23208,Democratic,0.67,0.34,0.66,0.33,09/15/2020 06:01:13,Open
1990,6789,Which party will win the 2020 House race in Iowa's 2nd District?,https://www.predictit.org/markets/detail/6789/Which-party-will-win-the-2020-House-race-in-Iowa's-2nd-District,23208,Democratic,0.67,0.34,0.66,0.33,09/15/2020 06:04:30,Open
1991,6789,Which party will win the 2020 House race in Iowa's 2nd District?,https://www.predictit.org/markets/detail/6789/Which-party-will-win-the-2020-House-race-in-Iowa's-2nd-District,23208,Democratic,0.67,0.34,0.66,0.33,09/15/2020 06:07:47,Open
1992,6789,Which party will win the 2020 House race in Iowa's 2nd District?,https://www.predictit.org/markets/detail/6789/Which-party-will-win-the-2020-House-race-in-Iowa's-2nd-District,23208,Democratic,0.67,0.34,0.66,0.33,09/15/2020 06:11:04,Open
1993,6789,Which party will win the 2020 House race in Iowa's 2nd District?,https://www.predictit.org/markets/detail/6789/Which-party-will-win-the-2020-House-race-in-Iowa's-2nd-District,23208,Democratic,0.67,0.34,0.66,0.33,09/15/2020 06:14:22,Open
1994,6789,Which party will win the 2020 House race in Iowa's 2nd District?,https://www.predictit.org/markets/detail/6789/Which-party-will-win-the-2020-House-race-in-Iowa's-2nd-District,23208,Democratic,0.67,0.34,0.66,0.33,09/15/2020 06:17:38,Open
1995,6789,Which party will win the 2020 House race in Iowa's 2nd District?,https://www.predictit.org/markets/detail/6789/Which-party-will-win-the-2020-House-race-in-Iowa's-2nd-District,23208,Democratic,0.67,0.34,0.66,0.33,09/15/2020 06:20:55,Open
1996,6789,Which party will win the 2020 House race in Iowa's 2nd District?,https://www.predictit.org/markets/detail/6789/Which-party-will-win-the-2020-House-race-in-Iowa's-2nd-District,23208,Democratic,0.67,0.34,0.66,0.33,09/15/2020 06:24:13,Open
1997,6789,Which party will win the 2020 House race in Iowa's 2nd District?,https://www.predictit.org/markets/detail/6789/Which-party-will-win-the-2020-House-race-in-Iowa's-2nd-District,23208,Democratic,0.67,0.34,0.66,0.33,09/15/2020 06:27:32,Open
1998,6789,Which party will win the 2020 House race in Iowa's 2nd District?,https://www.predictit.org/markets/detail/6789/Which-party-will-win-the-2020-House-race-in-Iowa's-2nd-District,23208,Democratic,0.67,0.34,0.66,0.33,09/15/2020 06:30:49,Open
1999,6789,Which party will win the 2020 House race in Iowa's 2nd District?,https://www.predictit.org/markets/detail/6789/Which-party-will-win-the-2020-House-race-in-Iowa's-2nd-District,23208,Democratic,0.67,0.34,0.66,0.33,09/15/2020 06:34:06,Open
2000,6789,Which party will win the 2020 House race in Iowa's 2nd District?,https://www.predictit.org/markets/detail/6789/Which-party-will-win-the-2020-House-race-in-Iowa's-2nd-District,23208,Democratic,0.67,0.34,0.66,0.33,09/15/2020 06:37:22,Open
2001,6789,Which party will win the 2020 House race in Iowa's 2nd District?,https://www.predictit.org/markets/detail/6789/Which-party-will-win-the-2020-House-race-in-Iowa's-2nd-District,23208,Democratic,0.67,0.34,0.66,0.33,09/15/2020 06:40:42,Open
2002,6789,Which party will win the 2020 House race in Iowa's 2nd District?,https://www.predictit.org/markets/detail/6789/Which-party-will-win-the-2020-House-race-in-Iowa's-2nd-District,23208,Democratic,0.67,0.34,0.66,0.33,09/15/2020 06:44:03,Open
2003,6789,Which party will win the 2020 House race in Iowa's 2nd District?,https://www.predictit.org/markets/detail/6789/Which-party-will-win-the-2020-House-race-in-Iowa's-2nd-District,23208,Democratic,0.67,0.34,0.66,0.33,09/15/2020 06:47:20,Open
2004,6789,Which party will win the 2020 House race in Iowa's 2nd District?,https://www.predictit.org/markets/detail/6789/Which-party-will-win-the-2020-House-race-in-Iowa's-2nd-District,23208,Democratic,0.67,0.34,0.66,0.33,09/15/2020 06:50:38,Open
2005,6789,Which party will win the 2020 House race in Iowa's 2nd District?,https://www.predictit.org/markets/detail/6789/Which-party-will-win-the-2020-House-race-in-Iowa's-2nd-District,23208,Democratic,0.67,0.34,0.66,0.33,09/15/2020 06:53:58,Open
2006,6789,Which party will win the 2020 House race in Iowa's 2nd District?,https://www.predictit.org/markets/detail/6789/Which-party-will-win-the-2020-House-race-in-Iowa's-2nd-District,23208,Democratic,0.67,0.34,0.66,0.33,09/15/2020 06:57:12,Open
2007,6789,Which party will win the 2020 House race in Iowa's 2nd District?,https://www.predictit.org/markets/detail/6789/Which-party-will-win-the-2020-House-race-in-Iowa's-2nd-District,23208,Democratic,0.67,0.34,0.66,0.33,09/15/2020 07:00:31,Open
2008,6789,Which party will win the 2020 House race in Iowa's 2nd District?,https://www.predictit.org/markets/detail/6789/Which-party-will-win-the-2020-House-race-in-Iowa's-2nd-District,23208,Democratic,0.67,0.34,0.66,0.33,09/15/2020 07:03:49,Open
2009,6789,Which party will win the 2020 House race in Iowa's 2nd District?,https://www.predictit.org/markets/detail/6789/Which-party-will-win-the-2020-House-race-in-Iowa's-2nd-District,23208,Democratic,0.67,0.34,0.66,0.33,09/15/2020 07:07:05,Open
2010,6789,Which party will win the 2020 House race in Iowa's 2nd District?,https://www.predictit.org/markets/detail/6789/Which-party-will-win-the-2020-House-race-in-Iowa's-2nd-District,23208,Democratic,0.67,0.34,0.66,0.33,09/15/2020 07:10:24,Open
2011,6789,Which party will win the 2020 House race in Iowa's 2nd District?,https://www.predictit.org/markets/detail/6789/Which-party-will-win-the-2020-House-race-in-Iowa's-2nd-District,23208,Democratic,0.67,0.34,0.66,0.33,09/15/2020 07:13:43,Open
2012,6789,Which party will win the 2020 House race in Iowa's 2nd District?,https://www.predictit.org/markets/detail/6789/Which-party-will-win-the-2020-House-race-in-Iowa's-2nd-District,23208,Democratic,0.67,0.34,0.66,0.33,09/15/2020 07:17:00,Open
2013,6789,Which party will win the 2020 House race in Iowa's 2nd District?,https://www.predictit.org/markets/detail/6789/Which-party-will-win-the-2020-House-race-in-Iowa's-2nd-District,23208,Democratic,0.67,0.34,0.66,0.33,09/15/2020 07:20:21,Open
2014,6789,Which party will win the 2020 House race in Iowa's 2nd District?,https://www.predictit.org/markets/detail/6789/Which-party-will-win-the-2020-House-race-in-Iowa's-2nd-District,23208,Democratic,0.67,0.34,0.66,0.33,09/15/2020 07:23:39,Open
2015,6789,Which party will win the 2020 House race in Iowa's 2nd District?,https://www.predictit.org/markets/detail/6789/Which-party-will-win-the-2020-House-race-in-Iowa's-2nd-District,23208,Democratic,0.67,0.34,0.66,0.33,09/15/2020 07:26:59,Open
2016,6789,Which party will win the 2020 House race in Iowa's 2nd District?,https://www.predictit.org/markets/detail/6789/Which-party-will-win-the-2020-House-race-in-Iowa's-2nd-District,23208,Democratic,0.67,0.34,0.66,0.33,09/15/2020 07:30:19,Open
2017,6789,Which party will win the 2020 House race in Iowa's 2nd District?,https://www.predictit.org/markets/detail/6789/Which-party-will-win-the-2020-House-race-in-Iowa's-2nd-District,23208,Democratic,0.67,0.34,0.66,0.33,09/15/2020 07:33:38,Open
2018,6789,Which party will win the 2020 House race in Iowa's 2nd District?,https://www.predictit.org/markets/detail/6789/Which-party-will-win-the-2020-House-race-in-Iowa's-2nd-District,23208,Democratic,0.67,0.34,0.66,0.33,09/15/2020 07:36:57,Open
2019,6789,Which party will win the 2020 House race in Iowa's 2nd District?,https://www.predictit.org/markets/detail/6789/Which-party-will-win-the-2020-House-race-in-Iowa's-2nd-District,23208,Democratic,0.67,0.34,0.66,0.33,09/15/2020 07:40:15,Open
2020,6789,Which party will win the 2020 House race in Iowa's 2nd District?,https://www.predictit.org/markets/detail/6789/Which-party-will-win-the-2020-House-race-in-Iowa's-2nd-District,23208,Democratic,0.67,0.34,0.66,0.33,09/15/2020 07:43:36,Open
2021,6789,Which party will win the 2020 House race in Iowa's 2nd District?,https://www.predictit.org/markets/detail/6789/Which-party-will-win-the-2020-House-race-in-Iowa's-2nd-District,23208,Democratic,0.67,0.34,0.66,0.33,09/15/2020 07:46:54,Open
2022,6789,Which party will win the 2020 House race in Iowa's 2nd District?,https://www.predictit.org/markets/detail/6789/Which-party-will-win-the-2020-House-race-in-Iowa's-2nd-District,23208,Democratic,0.67,0.34,0.66,0.33,09/15/2020 07:50:12,Open
2023,6789,Which party will win the 2020 House race in Iowa's 2nd District?,https://www.predictit.org/markets/detail/6789/Which-party-will-win-the-2020-House-race-in-Iowa's-2nd-District,23208,Democratic,0.67,0.34,0.66,0.33,09/15/2020 07:53:29,Open
2024,6789,Which party will win the 2020 House race in Iowa's 2nd District?,https://www.predictit.org/markets/detail/6789/Which-party-will-win-the-2020-House-race-in-Iowa's-2nd-District,23208,Democratic,0.67,0.34,0.66,0.33,09/15/2020 07:56:54,Open
2025,6789,Which party will win the 2020 House race in Iowa's 2nd District?,https://www.predictit.org/markets/detail/6789/Which-party-will-win-the-2020-House-race-in-Iowa's-2nd-District,23208,Democratic,0.67,0.34,0.66,0.33,09/15/2020 08:00:12,Open
2026,6789,Which party will win the 2020 House race in Iowa's 2nd District?,https://www.predictit.org/markets/detail/6789/Which-party-will-win-the-2020-House-race-in-Iowa's-2nd-District,23208,Democratic,0.67,0.34,0.66,0.33,09/15/2020 08:03:32,Open
2027,6789,Which party will win the 2020 House race in Iowa's 2nd District?,https://www.predictit.org/markets/detail/6789/Which-party-will-win-the-2020-House-race-in-Iowa's-2nd-District,23208,Democratic,0.67,0.34,0.66,0.33,09/15/2020 08:06:58,Open
2028,6789,Which party will win the 2020 House race in Iowa's 2nd District?,https://www.predictit.org/markets/detail/6789/Which-party-will-win-the-2020-House-race-in-Iowa's-2nd-District,23208,Democratic,0.67,0.34,0.66,0.33,09/15/2020 08:10:17,Open
2029,6789,Which party will win the 2020 House race in Iowa's 2nd District?,https://www.predictit.org/markets/detail/6789/Which-party-will-win-the-2020-House-race-in-Iowa's-2nd-District,23208,Democratic,0.67,0.34,0.66,0.33,09/15/2020 08:13:36,Open
2030,6789,Which party will win the 2020 House race in Iowa's 2nd District?,https://www.predictit.org/markets/detail/6789/Which-party-will-win-the-2020-House-race-in-Iowa's-2nd-District,23208,Democratic,0.67,0.34,0.66,0.33,09/15/2020 08:16:57,Open
2031,6789,Which party will win the 2020 House race in Iowa's 2nd District?,https://www.predictit.org/markets/detail/6789/Which-party-will-win-the-2020-House-race-in-Iowa's-2nd-District,23208,Democratic,0.67,0.34,0.66,0.33,09/15/2020 08:20:16,Open
2032,6789,Which party will win the 2020 House race in Iowa's 2nd District?,https://www.predictit.org/markets/detail/6789/Which-party-will-win-the-2020-House-race-in-Iowa's-2nd-District,23208,Democratic,0.67,0.34,0.66,0.33,09/15/2020 08:23:35,Open
2033,6789,Which party will win the 2020 House race in Iowa's 2nd District?,https://www.predictit.org/markets/detail/6789/Which-party-will-win-the-2020-House-race-in-Iowa's-2nd-District,23208,Democratic,0.67,0.34,0.66,0.33,09/15/2020 08:26:59,Open
2034,6789,Which party will win the 2020 House race in Iowa's 2nd District?,https://www.predictit.org/markets/detail/6789/Which-party-will-win-the-2020-House-race-in-Iowa's-2nd-District,23208,Democratic,0.67,0.34,0.66,0.33,09/15/2020 08:30:18,Open
2035,6789,Which party will win the 2020 House race in Iowa's 2nd District?,https://www.predictit.org/markets/detail/6789/Which-party-will-win-the-2020-House-race-in-Iowa's-2nd-District,23208,Democratic,0.67,0.34,0.66,0.33,09/15/2020 08:33:37,Open
2036,6789,Which party will win the 2020 House race in Iowa's 2nd District?,https://www.predictit.org/markets/detail/6789/Which-party-will-win-the-2020-House-race-in-Iowa's-2nd-District,23208,Democratic,0.67,0.34,0.66,0.33,09/15/2020 08:37:00,Open
2037,6789,Which party will win the 2020 House race in Iowa's 2nd District?,https://www.predictit.org/markets/detail/6789/Which-party-will-win-the-2020-House-race-in-Iowa's-2nd-District,23208,Democratic,0.67,0.34,0.66,0.33,09/15/2020 08:40:21,Open
2038,6789,Which party will win the 2020 House race in Iowa's 2nd District?,https://www.predictit.org/markets/detail/6789/Which-party-will-win-the-2020-House-race-in-Iowa's-2nd-District,23208,Democratic,0.67,0.34,0.66,0.33,09/15/2020 08:43:42,Open
2039,6789,Which party will win the 2020 House race in Iowa's 2nd District?,https://www.predictit.org/markets/detail/6789/Which-party-will-win-the-2020-House-race-in-Iowa's-2nd-District,23208,Democratic,0.67,0.34,0.66,0.33,09/15/2020 08:47:06,Open
2040,6789,Which party will win the 2020 House race in Iowa's 2nd District?,https://www.predictit.org/markets/detail/6789/Which-party-will-win-the-2020-House-race-in-Iowa's-2nd-District,23208,Democratic,0.67,0.34,0.66,0.33,09/15/2020 08:50:25,Open
2041,6789,Which party will win the 2020 House race in Iowa's 2nd District?,https://www.predictit.org/markets/detail/6789/Which-party-will-win-the-2020-House-race-in-Iowa's-2nd-District,23208,Democratic,0.67,0.34,0.66,0.33,09/15/2020 08:53:48,Open
2042,6789,Which party will win the 2020 House race in Iowa's 2nd District?,https://www.predictit.org/markets/detail/6789/Which-party-will-win-the-2020-House-race-in-Iowa's-2nd-District,23208,Democratic,0.67,0.34,0.66,0.33,09/15/2020 08:57:12,Open
2043,6789,Which party will win the 2020 House race in Iowa's 2nd District?,https://www.predictit.org/markets/detail/6789/Which-party-will-win-the-2020-House-race-in-Iowa's-2nd-District,23208,Democratic,0.67,0.34,0.66,0.33,09/15/2020 09:00:31,Open
2044,6789,Which party will win the 2020 House race in Iowa's 2nd District?,https://www.predictit.org/markets/detail/6789/Which-party-will-win-the-2020-House-race-in-Iowa's-2nd-District,23208,Democratic,0.67,0.34,0.66,0.33,09/15/2020 09:03:57,Open
2045,6789,Which party will win the 2020 House race in Iowa's 2nd District?,https://www.predictit.org/markets/detail/6789/Which-party-will-win-the-2020-House-race-in-Iowa's-2nd-District,23208,Democratic,0.67,0.34,0.66,0.33,09/15/2020 09:07:18,Open
2046,6789,Which party will win the 2020 House race in Iowa's 2nd District?,https://www.predictit.org/markets/detail/6789/Which-party-will-win-the-2020-House-race-in-Iowa's-2nd-District,23208,Democratic,0.67,0.34,0.66,0.33,09/15/2020 09:10:37,Open
2047,6789,Which party will win the 2020 House race in Iowa's 2nd District?,https://www.predictit.org/markets/detail/6789/Which-party-will-win-the-2020-House-race-in-Iowa's-2nd-District,23208,Democratic,0.67,0.34,0.66,0.33,09/15/2020 09:13:57,Open
2048,6789,Which party will win the 2020 House race in Iowa's 2nd District?,https://www.predictit.org/markets/detail/6789/Which-party-will-win-the-2020-House-race-in-Iowa's-2nd-District,23208,Democratic,0.67,0.34,0.66,0.33,09/15/2020 09:17:18,Open
2049,6789,Which party will win the 2020 House race in Iowa's 2nd District?,https://www.predictit.org/markets/detail/6789/Which-party-will-win-the-2020-House-race-in-Iowa's-2nd-District,23208,Democratic,0.67,0.34,0.66,0.33,09/15/2020 09:20:41,Open
2050,6789,Which party will win the 2020 House race in Iowa's 2nd District?,https://www.predictit.org/markets/detail/6789/Which-party-will-win-the-2020-House-race-in-Iowa's-2nd-District,23208,Democratic,0.67,0.34,0.66,0.33,09/15/2020 09:24:03,Open
2051,6789,Which party will win the 2020 House race in Iowa's 2nd District?,https://www.predictit.org/markets/detail/6789/Which-party-will-win-the-2020-House-race-in-Iowa's-2nd-District,23208,Democratic,0.67,0.34,0.66,0.33,09/15/2020 09:27:22,Open
2052,6789,Which party will win the 2020 House race in Iowa's 2nd District?,https://www.predictit.org/markets/detail/6789/Which-party-will-win-the-2020-House-race-in-Iowa's-2nd-District,23208,Democratic,0.67,0.34,0.66,0.33,09/15/2020 09:30:43,Open
2053,6789,Which party will win the 2020 House race in Iowa's 2nd District?,https://www.predictit.org/markets/detail/6789/Which-party-will-win-the-2020-House-race-in-Iowa's-2nd-District,23208,Democratic,0.67,0.34,0.66,0.33,09/15/2020 09:34:03,Open
2054,6789,Which party will win the 2020 House race in Iowa's 2nd District?,https://www.predictit.org/markets/detail/6789/Which-party-will-win-the-2020-House-race-in-Iowa's-2nd-District,23208,Democratic,0.67,0.34,0.66,0.33,09/15/2020 09:37:26,Open
2055,6789,Which party will win the 2020 House race in Iowa's 2nd District?,https://www.predictit.org/markets/detail/6789/Which-party-will-win-the-2020-House-race-in-Iowa's-2nd-District,23208,Democratic,0.67,0.34,0.66,0.33,09/15/2020 09:40:50,Open
2056,6789,Which party will win the 2020 House race in Iowa's 2nd District?,https://www.predictit.org/markets/detail/6789/Which-party-will-win-the-2020-House-race-in-Iowa's-2nd-District,23208,Democratic,0.67,0.34,0.66,0.33,09/15/2020 09:44:12,Open
2057,6789,Which party will win the 2020 House race in Iowa's 2nd District?,https://www.predictit.org/markets/detail/6789/Which-party-will-win-the-2020-House-race-in-Iowa's-2nd-District,23208,Democratic,0.67,0.34,0.66,0.33,09/15/2020 09:47:36,Open
2058,6789,Which party will win the 2020 House race in Iowa's 2nd District?,https://www.predictit.org/markets/detail/6789/Which-party-will-win-the-2020-House-race-in-Iowa's-2nd-District,23208,Democratic,0.67,0.34,0.66,0.33,09/15/2020 09:51:00,Open
2059,6789,Which party will win the 2020 House race in Iowa's 2nd District?,https://www.predictit.org/markets/detail/6789/Which-party-will-win-the-2020-House-race-in-Iowa's-2nd-District,23208,Democratic,0.67,0.34,0.66,0.33,09/15/2020 09:54:19,Open
2060,6789,Which party will win the 2020 House race in Iowa's 2nd District?,https://www.predictit.org/markets/detail/6789/Which-party-will-win-the-2020-House-race-in-Iowa's-2nd-District,23208,Democratic,0.67,0.34,0.66,0.33,09/15/2020 09:57:40,Open
2061,6789,Which party will win the 2020 House race in Iowa's 2nd District?,https://www.predictit.org/markets/detail/6789/Which-party-will-win-the-2020-House-race-in-Iowa's-2nd-District,23208,Democratic,0.67,0.34,0.66,0.33,09/15/2020 10:01:00,Open
2062,6789,Which party will win the 2020 House race in Iowa's 2nd District?,https://www.predictit.org/markets/detail/6789/Which-party-will-win-the-2020-House-race-in-Iowa's-2nd-District,23208,Democratic,0.67,0.34,0.66,0.33,09/15/2020 10:04:23,Open
2063,6789,Which party will win the 2020 House race in Iowa's 2nd District?,https://www.predictit.org/markets/detail/6789/Which-party-will-win-the-2020-House-race-in-Iowa's-2nd-District,23208,Democratic,0.67,0.34,0.66,0.33,09/15/2020 10:07:46,Open
2064,6789,Which party will win the 2020 House race in Iowa's 2nd District?,https://www.predictit.org/markets/detail/6789/Which-party-will-win-the-2020-House-race-in-Iowa's-2nd-District,23208,Democratic,0.67,0.34,0.66,0.33,09/15/2020 10:11:06,Open
2065,6789,Which party will win the 2020 House race in Iowa's 2nd District?,https://www.predictit.org/markets/detail/6789/Which-party-will-win-the-2020-House-race-in-Iowa's-2nd-District,23208,Democratic,0.67,0.34,0.66,0.33,09/15/2020 10:14:26,Open
2066,6789,Which party will win the 2020 House race in Iowa's 2nd District?,https://www.predictit.org/markets/detail/6789/Which-party-will-win-the-2020-House-race-in-Iowa's-2nd-District,23208,Democratic,0.67,0.34,0.66,0.33,09/15/2020 10:17:51,Open
2067,6789,Which party will win the 2020 House race in Iowa's 2nd District?,https://www.predictit.org/markets/detail/6789/Which-party-will-win-the-2020-House-race-in-Iowa's-2nd-District,23208,Democratic,0.67,0.34,0.66,0.33,09/15/2020 10:21:14,Open
2068,6789,Which party will win the 2020 House race in Iowa's 2nd District?,https://www.predictit.org/markets/detail/6789/Which-party-will-win-the-2020-House-race-in-Iowa's-2nd-District,23208,Democratic,0.67,0.34,0.66,0.33,09/15/2020 10:24:36,Open
2069,6789,Which party will win the 2020 House race in Iowa's 2nd District?,https://www.predictit.org/markets/detail/6789/Which-party-will-win-the-2020-House-race-in-Iowa's-2nd-District,23208,Democratic,0.67,0.34,0.66,0.33,09/15/2020 10:27:59,Open
2070,6789,Which party will win the 2020 House race in Iowa's 2nd District?,https://www.predictit.org/markets/detail/6789/Which-party-will-win-the-2020-House-race-in-Iowa's-2nd-District,23208,Democratic,0.67,0.34,0.66,0.33,09/15/2020 10:31:21,Open
2071,6789,Which party will win the 2020 House race in Iowa's 2nd District?,https://www.predictit.org/markets/detail/6789/Which-party-will-win-the-2020-House-race-in-Iowa's-2nd-District,23208,Democratic,0.67,0.34,0.66,0.33,09/15/2020 10:34:42,Open
2072,6789,Which party will win the 2020 House race in Iowa's 2nd District?,https://www.predictit.org/markets/detail/6789/Which-party-will-win-the-2020-House-race-in-Iowa's-2nd-District,23208,Democratic,0.67,0.34,0.66,0.33,09/15/2020 10:38:11,Open
2073,6789,Which party will win the 2020 House race in Iowa's 2nd District?,https://www.predictit.org/markets/detail/6789/Which-party-will-win-the-2020-House-race-in-Iowa's-2nd-District,23208,Democratic,0.67,0.34,0.66,0.33,09/15/2020 10:41:40,Open
2074,6789,Which party will win the 2020 House race in Iowa's 2nd District?,https://www.predictit.org/markets/detail/6789/Which-party-will-win-the-2020-House-race-in-Iowa's-2nd-District,23208,Democratic,0.67,0.34,0.66,0.33,09/15/2020 10:45:09,Open
2075,6789,Which party will win the 2020 House race in Iowa's 2nd District?,https://www.predictit.org/markets/detail/6789/Which-party-will-win-the-2020-House-race-in-Iowa's-2nd-District,23208,Democratic,0.67,0.34,0.66,0.33,09/15/2020 10:48:39,Open
2076,6789,Which party will win the 2020 House race in Iowa's 2nd District?,https://www.predictit.org/markets/detail/6789/Which-party-will-win-the-2020-House-race-in-Iowa's-2nd-District,23208,Democratic,0.67,0.34,0.66,0.33,09/15/2020 10:52:07,Open
2077,6789,Which party will win the 2020 House race in Iowa's 2nd District?,https://www.predictit.org/markets/detail/6789/Which-party-will-win-the-2020-House-race-in-Iowa's-2nd-District,23208,Democratic,0.67,0.34,0.66,0.33,09/15/2020 10:55:32,Open
2078,6789,Which party will win the 2020 House race in Iowa's 2nd District?,https://www.predictit.org/markets/detail/6789/Which-party-will-win-the-2020-House-race-in-Iowa's-2nd-District,23208,Democratic,0.67,0.34,0.66,0.33,09/15/2020 10:59:02,Open
2079,6789,Which party will win the 2020 House race in Iowa's 2nd District?,https://www.predictit.org/markets/detail/6789/Which-party-will-win-the-2020-House-race-in-Iowa's-2nd-District,23208,Democratic,0.67,0.34,0.66,0.33,09/15/2020 11:02:26,Open
2080,6789,Which party will win the 2020 House race in Iowa's 2nd District?,https://www.predictit.org/markets/detail/6789/Which-party-will-win-the-2020-House-race-in-Iowa's-2nd-District,23208,Democratic,0.67,0.34,0.66,0.33,09/15/2020 11:05:51,Open
2081,6789,Which party will win the 2020 House race in Iowa's 2nd District?,https://www.predictit.org/markets/detail/6789/Which-party-will-win-the-2020-House-race-in-Iowa's-2nd-District,23208,Democratic,0.67,0.34,0.66,0.33,09/15/2020 11:09:19,Open
2082,6789,Which party will win the 2020 House race in Iowa's 2nd District?,https://www.predictit.org/markets/detail/6789/Which-party-will-win-the-2020-House-race-in-Iowa's-2nd-District,23208,Democratic,0.67,0.34,0.66,0.33,09/15/2020 11:12:46,Open
2083,6789,Which party will win the 2020 House race in Iowa's 2nd District?,https://www.predictit.org/markets/detail/6789/Which-party-will-win-the-2020-House-race-in-Iowa's-2nd-District,23208,Democratic,0.67,0.34,0.66,0.33,09/15/2020 11:16:10,Open
2084,6789,Which party will win the 2020 House race in Iowa's 2nd District?,https://www.predictit.org/markets/detail/6789/Which-party-will-win-the-2020-House-race-in-Iowa's-2nd-District,23208,Democratic,0.67,0.34,0.66,0.33,09/15/2020 11:19:36,Open
2085,6789,Which party will win the 2020 House race in Iowa's 2nd District?,https://www.predictit.org/markets/detail/6789/Which-party-will-win-the-2020-House-race-in-Iowa's-2nd-District,23208,Democratic,0.67,0.34,0.66,0.33,09/15/2020 11:23:00,Open
2086,6789,Which party will win the 2020 House race in Iowa's 2nd District?,https://www.predictit.org/markets/detail/6789/Which-party-will-win-the-2020-House-race-in-Iowa's-2nd-District,23208,Democratic,0.67,0.34,0.66,0.33,09/15/2020 11:26:23,Open
2087,6789,Which party will win the 2020 House race in Iowa's 2nd District?,https://www.predictit.org/markets/detail/6789/Which-party-will-win-the-2020-House-race-in-Iowa's-2nd-District,23208,Democratic,0.67,0.34,0.66,0.33,09/15/2020 11:29:51,Open
2088,6789,Which party will win the 2020 House race in Iowa's 2nd District?,https://www.predictit.org/markets/detail/6789/Which-party-will-win-the-2020-House-race-in-Iowa's-2nd-District,23208,Democratic,0.67,0.34,0.66,0.33,09/15/2020 11:33:17,Open
2089,6789,Which party will win the 2020 House race in Iowa's 2nd District?,https://www.predictit.org/markets/detail/6789/Which-party-will-win-the-2020-House-race-in-Iowa's-2nd-District,23208,Democratic,0.67,0.34,0.66,0.33,09/15/2020 11:36:41,Open
2090,6789,Which party will win the 2020 House race in Iowa's 2nd District?,https://www.predictit.org/markets/detail/6789/Which-party-will-win-the-2020-House-race-in-Iowa's-2nd-District,23208,Democratic,0.67,0.34,0.66,0.33,09/15/2020 11:40:09,Open
2091,6789,Which party will win the 2020 House race in Iowa's 2nd District?,https://www.predictit.org/markets/detail/6789/Which-party-will-win-the-2020-House-race-in-Iowa's-2nd-District,23208,Democratic,0.67,0.34,0.66,0.33,09/15/2020 11:43:32,Open
2092,6789,Which party will win the 2020 House race in Iowa's 2nd District?,https://www.predictit.org/markets/detail/6789/Which-party-will-win-the-2020-House-race-in-Iowa's-2nd-District,23208,Democratic,0.67,0.34,0.66,0.33,09/15/2020 11:47:02,Open
2093,6789,Which party will win the 2020 House race in Iowa's 2nd District?,https://www.predictit.org/markets/detail/6789/Which-party-will-win-the-2020-House-race-in-Iowa's-2nd-District,23208,Democratic,0.67,0.34,0.66,0.33,09/15/2020 11:50:25,Open
2094,6789,Which party will win the 2020 House race in Iowa's 2nd District?,https://www.predictit.org/markets/detail/6789/Which-party-will-win-the-2020-House-race-in-Iowa's-2nd-District,23208,Democratic,0.67,0.34,0.66,0.33,09/15/2020 11:53:48,Open
2095,6789,Which party will win the 2020 House race in Iowa's 2nd District?,https://www.predictit.org/markets/detail/6789/Which-party-will-win-the-2020-House-race-in-Iowa's-2nd-District,23208,Democratic,0.67,0.34,0.66,0.33,09/15/2020 11:57:13,Open
2096,6789,Which party will win the 2020 House race in Iowa's 2nd District?,https://www.predictit.org/markets/detail/6789/Which-party-will-win-the-2020-House-race-in-Iowa's-2nd-District,23208,Democratic,0.67,0.34,0.66,0.33,09/15/2020 12:00:41,Open
2097,6789,Which party will win the 2020 House race in Iowa's 2nd District?,https://www.predictit.org/markets/detail/6789/Which-party-will-win-the-2020-House-race-in-Iowa's-2nd-District,23208,Democratic,0.67,0.34,0.66,0.33,09/15/2020 12:04:06,Open
2098,6789,Which party will win the 2020 House race in Iowa's 2nd District?,https://www.predictit.org/markets/detail/6789/Which-party-will-win-the-2020-House-race-in-Iowa's-2nd-District,23208,Democratic,0.67,0.34,0.66,0.33,09/15/2020 12:07:32,Open
2099,6789,Which party will win the 2020 House race in Iowa's 2nd District?,https://www.predictit.org/markets/detail/6789/Which-party-will-win-the-2020-House-race-in-Iowa's-2nd-District,23208,Democratic,0.67,0.34,0.66,0.33,09/15/2020 12:11:05,Open
2100,6789,Which party will win the 2020 House race in Iowa's 2nd District?,https://www.predictit.org/markets/detail/6789/Which-party-will-win-the-2020-House-race-in-Iowa's-2nd-District,23208,Democratic,0.67,0.34,0.66,0.33,09/15/2020 12:14:31,Open
2101,6789,Which party will win the 2020 House race in Iowa's 2nd District?,https://www.predictit.org/markets/detail/6789/Which-party-will-win-the-2020-House-race-in-Iowa's-2nd-District,23208,Democratic,0.67,0.34,0.66,0.33,09/15/2020 12:18:01,Open
2102,6789,Which party will win the 2020 House race in Iowa's 2nd District?,https://www.predictit.org/markets/detail/6789/Which-party-will-win-the-2020-House-race-in-Iowa's-2nd-District,23208,Democratic,0.67,0.34,0.66,0.33,09/15/2020 12:21:26,Open
2103,6789,Which party will win the 2020 House race in Iowa's 2nd District?,https://www.predictit.org/markets/detail/6789/Which-party-will-win-the-2020-House-race-in-Iowa's-2nd-District,23208,Democratic,0.67,0.34,0.66,0.33,09/15/2020 12:24:54,Open
2104,6789,Which party will win the 2020 House race in Iowa's 2nd District?,https://www.predictit.org/markets/detail/6789/Which-party-will-win-the-2020-House-race-in-Iowa's-2nd-District,23208,Democratic,0.67,0.34,0.66,0.33,09/15/2020 12:28:24,Open
2105,6789,Which party will win the 2020 House race in Iowa's 2nd District?,https://www.predictit.org/markets/detail/6789/Which-party-will-win-the-2020-House-race-in-Iowa's-2nd-District,23208,Democratic,0.67,0.34,0.66,0.33,09/15/2020 12:31:52,Open
2106,6789,Which party will win the 2020 House race in Iowa's 2nd District?,https://www.predictit.org/markets/detail/6789/Which-party-will-win-the-2020-House-race-in-Iowa's-2nd-District,23208,Democratic,0.67,0.34,0.66,0.33,09/15/2020 12:35:20,Open
2107,6789,Which party will win the 2020 House race in Iowa's 2nd District?,https://www.predictit.org/markets/detail/6789/Which-party-will-win-the-2020-House-race-in-Iowa's-2nd-District,23208,Democratic,0.67,0.34,0.66,0.33,09/15/2020 12:38:49,Open
2108,6789,Which party will win the 2020 House race in Iowa's 2nd District?,https://www.predictit.org/markets/detail/6789/Which-party-will-win-the-2020-House-race-in-Iowa's-2nd-District,23208,Democratic,0.67,0.34,0.66,0.33,09/15/2020 12:42:18,Open
2109,6789,Which party will win the 2020 House race in Iowa's 2nd District?,https://www.predictit.org/markets/detail/6789/Which-party-will-win-the-2020-House-race-in-Iowa's-2nd-District,23208,Democratic,0.67,0.34,0.66,0.33,09/15/2020 12:45:47,Open
2110,6789,Which party will win the 2020 House race in Iowa's 2nd District?,https://www.predictit.org/markets/detail/6789/Which-party-will-win-the-2020-House-race-in-Iowa's-2nd-District,23208,Democratic,0.67,0.34,0.66,0.33,09/15/2020 12:49:13,Open
2111,6789,Which party will win the 2020 House race in Iowa's 2nd District?,https://www.predictit.org/markets/detail/6789/Which-party-will-win-the-2020-House-race-in-Iowa's-2nd-District,23208,Democratic,0.67,0.34,0.66,0.33,09/15/2020 12:52:36,Open
2112,6789,Which party will win the 2020 House race in Iowa's 2nd District?,https://www.predictit.org/markets/detail/6789/Which-party-will-win-the-2020-House-race-in-Iowa's-2nd-District,23208,Democratic,0.67,0.34,0.66,0.33,09/15/2020 12:55:59,Open
2113,6789,Which party will win the 2020 House race in Iowa's 2nd District?,https://www.predictit.org/markets/detail/6789/Which-party-will-win-the-2020-House-race-in-Iowa's-2nd-District,23208,Democratic,0.67,0.34,0.66,0.33,09/15/2020 12:59:24,Open
2114,6789,Which party will win the 2020 House race in Iowa's 2nd District?,https://www.predictit.org/markets/detail/6789/Which-party-will-win-the-2020-House-race-in-Iowa's-2nd-District,23208,Democratic,0.67,0.34,0.66,0.33,09/15/2020 13:02:55,Open
2115,6789,Which party will win the 2020 House race in Iowa's 2nd District?,https://www.predictit.org/markets/detail/6789/Which-party-will-win-the-2020-House-race-in-Iowa's-2nd-District,23208,Democratic,0.67,0.34,0.66,0.33,09/15/2020 13:06:22,Open
2116,6789,Which party will win the 2020 House race in Iowa's 2nd District?,https://www.predictit.org/markets/detail/6789/Which-party-will-win-the-2020-House-race-in-Iowa's-2nd-District,23208,Democratic,0.67,0.34,0.66,0.33,09/15/2020 13:09:49,Open
2117,6789,Which party will win the 2020 House race in Iowa's 2nd District?,https://www.predictit.org/markets/detail/6789/Which-party-will-win-the-2020-House-race-in-Iowa's-2nd-District,23208,Democratic,0.67,0.34,0.66,0.33,09/15/2020 13:13:18,Open
2118,6789,Which party will win the 2020 House race in Iowa's 2nd District?,https://www.predictit.org/markets/detail/6789/Which-party-will-win-the-2020-House-race-in-Iowa's-2nd-District,23208,Democratic,0.67,0.34,0.66,0.33,09/15/2020 13:16:45,Open
2119,6789,Which party will win the 2020 House race in Iowa's 2nd District?,https://www.predictit.org/markets/detail/6789/Which-party-will-win-the-2020-House-race-in-Iowa's-2nd-District,23208,Democratic,0.67,0.34,0.66,0.33,09/15/2020 13:20:10,Open
2120,6789,Which party will win the 2020 House race in Iowa's 2nd District?,https://www.predictit.org/markets/detail/6789/Which-party-will-win-the-2020-House-race-in-Iowa's-2nd-District,23208,Democratic,0.67,0.34,0.66,0.33,09/15/2020 13:23:36,Open
2121,6789,Which party will win the 2020 House race in Iowa's 2nd District?,https://www.predictit.org/markets/detail/6789/Which-party-will-win-the-2020-House-race-in-Iowa's-2nd-District,23208,Democratic,0.67,0.34,0.66,0.33,09/15/2020 13:27:02,Open
2122,6789,Which party will win the 2020 House race in Iowa's 2nd District?,https://www.predictit.org/markets/detail/6789/Which-party-will-win-the-2020-House-race-in-Iowa's-2nd-District,23208,Democratic,0.67,0.34,0.66,0.33,09/15/2020 13:30:29,Open
2123,6789,Which party will win the 2020 House race in Iowa's 2nd District?,https://www.predictit.org/markets/detail/6789/Which-party-will-win-the-2020-House-race-in-Iowa's-2nd-District,23208,Democratic,0.67,0.34,0.66,0.33,09/15/2020 13:33:58,Open
2124,6789,Which party will win the 2020 House race in Iowa's 2nd District?,https://www.predictit.org/markets/detail/6789/Which-party-will-win-the-2020-House-race-in-Iowa's-2nd-District,23208,Democratic,0.67,0.34,0.66,0.33,09/15/2020 13:37:22,Open
2125,6789,Which party will win the 2020 House race in Iowa's 2nd District?,https://www.predictit.org/markets/detail/6789/Which-party-will-win-the-2020-House-race-in-Iowa's-2nd-District,23208,Democratic,0.67,0.34,0.66,0.33,09/15/2020 13:40:49,Open
2126,6789,Which party will win the 2020 House race in Iowa's 2nd District?,https://www.predictit.org/markets/detail/6789/Which-party-will-win-the-2020-House-race-in-Iowa's-2nd-District,23208,Democratic,0.67,0.34,0.66,0.33,09/15/2020 13:44:18,Open
2127,6789,Which party will win the 2020 House race in Iowa's 2nd District?,https://www.predictit.org/markets/detail/6789/Which-party-will-win-the-2020-House-race-in-Iowa's-2nd-District,23208,Democratic,0.67,0.34,0.66,0.33,09/15/2020 13:47:44,Open
2128,6789,Which party will win the 2020 House race in Iowa's 2nd District?,https://www.predictit.org/markets/detail/6789/Which-party-will-win-the-2020-House-race-in-Iowa's-2nd-District,23208,Democratic,0.67,0.34,0.66,0.33,09/15/2020 13:51:11,Open
2129,6789,Which party will win the 2020 House race in Iowa's 2nd District?,https://www.predictit.org/markets/detail/6789/Which-party-will-win-the-2020-House-race-in-Iowa's-2nd-District,23208,Democratic,0.67,0.34,0.66,0.33,09/15/2020 13:54:38,Open
2130,6789,Which party will win the 2020 House race in Iowa's 2nd District?,https://www.predictit.org/markets/detail/6789/Which-party-will-win-the-2020-House-race-in-Iowa's-2nd-District,23208,Democratic,0.67,0.34,0.66,0.33,09/15/2020 13:58:03,Open
2131,6789,Which party will win the 2020 House race in Iowa's 2nd District?,https://www.predictit.org/markets/detail/6789/Which-party-will-win-the-2020-House-race-in-Iowa's-2nd-District,23208,Democratic,0.67,0.34,0.66,0.33,09/15/2020 14:01:35,Open
2132,6789,Which party will win the 2020 House race in Iowa's 2nd District?,https://www.predictit.org/markets/detail/6789/Which-party-will-win-the-2020-House-race-in-Iowa's-2nd-District,23208,Democratic,0.67,0.34,0.66,0.33,09/15/2020 14:05:00,Open
2133,6789,Which party will win the 2020 House race in Iowa's 2nd District?,https://www.predictit.org/markets/detail/6789/Which-party-will-win-the-2020-House-race-in-Iowa's-2nd-District,23208,Democratic,0.67,0.34,0.66,0.33,09/15/2020 14:08:24,Open
2134,6789,Which party will win the 2020 House race in Iowa's 2nd District?,https://www.predictit.org/markets/detail/6789/Which-party-will-win-the-2020-House-race-in-Iowa's-2nd-District,23208,Democratic,0.67,0.34,0.66,0.33,09/15/2020 14:11:56,Open
2135,6789,Which party will win the 2020 House race in Iowa's 2nd District?,https://www.predictit.org/markets/detail/6789/Which-party-will-win-the-2020-House-race-in-Iowa's-2nd-District,23208,Democratic,0.67,0.34,0.66,0.33,09/15/2020 14:15:21,Open
2136,6789,Which party will win the 2020 House race in Iowa's 2nd District?,https://www.predictit.org/markets/detail/6789/Which-party-will-win-the-2020-House-race-in-Iowa's-2nd-District,23208,Democratic,0.67,0.34,0.66,0.33,09/15/2020 14:18:51,Open
2137,6789,Which party will win the 2020 House race in Iowa's 2nd District?,https://www.predictit.org/markets/detail/6789/Which-party-will-win-the-2020-House-race-in-Iowa's-2nd-District,23208,Democratic,0.67,0.34,0.66,0.33,09/15/2020 14:22:22,Open
2138,6789,Which party will win the 2020 House race in Iowa's 2nd District?,https://www.predictit.org/markets/detail/6789/Which-party-will-win-the-2020-House-race-in-Iowa's-2nd-District,23208,Democratic,0.67,0.34,0.66,0.33,09/15/2020 14:25:48,Open
2139,6789,Which party will win the 2020 House race in Iowa's 2nd District?,https://www.predictit.org/markets/detail/6789/Which-party-will-win-the-2020-House-race-in-Iowa's-2nd-District,23208,Democratic,0.66,0.35,0.65,0.34,09/15/2020 14:29:17,Open
2140,6789,Which party will win the 2020 House race in Iowa's 2nd District?,https://www.predictit.org/markets/detail/6789/Which-party-will-win-the-2020-House-race-in-Iowa's-2nd-District,23208,Democratic,0.66,0.35,0.65,0.34,09/15/2020 14:32:49,Open
2141,6789,Which party will win the 2020 House race in Iowa's 2nd District?,https://www.predictit.org/markets/detail/6789/Which-party-will-win-the-2020-House-race-in-Iowa's-2nd-District,23208,Democratic,0.66,0.35,0.65,0.34,09/15/2020 14:36:17,Open
2142,6789,Which party will win the 2020 House race in Iowa's 2nd District?,https://www.predictit.org/markets/detail/6789/Which-party-will-win-the-2020-House-race-in-Iowa's-2nd-District,23208,Democratic,0.66,0.35,0.65,0.34,09/15/2020 14:39:49,Open
2143,6789,Which party will win the 2020 House race in Iowa's 2nd District?,https://www.predictit.org/markets/detail/6789/Which-party-will-win-the-2020-House-race-in-Iowa's-2nd-District,23208,Democratic,0.66,0.35,0.65,0.34,09/15/2020 14:43:19,Open
2144,6789,Which party will win the 2020 House race in Iowa's 2nd District?,https://www.predictit.org/markets/detail/6789/Which-party-will-win-the-2020-House-race-in-Iowa's-2nd-District,23208,Democratic,0.66,0.35,0.65,0.34,09/15/2020 14:46:46,Open
2145,6789,Which party will win the 2020 House race in Iowa's 2nd District?,https://www.predictit.org/markets/detail/6789/Which-party-will-win-the-2020-House-race-in-Iowa's-2nd-District,23208,Democratic,0.66,0.35,0.65,0.34,09/15/2020 14:50:15,Open
2146,6789,Which party will win the 2020 House race in Iowa's 2nd District?,https://www.predictit.org/markets/detail/6789/Which-party-will-win-the-2020-House-race-in-Iowa's-2nd-District,23208,Democratic,0.66,0.35,0.65,0.34,09/15/2020 14:53:52,Open
2147,6789,Which party will win the 2020 House race in Iowa's 2nd District?,https://www.predictit.org/markets/detail/6789/Which-party-will-win-the-2020-House-race-in-Iowa's-2nd-District,23208,Democratic,0.66,0.35,0.65,0.34,09/15/2020 14:57:18,Open
2148,6789,Which party will win the 2020 House race in Iowa's 2nd District?,https://www.predictit.org/markets/detail/6789/Which-party-will-win-the-2020-House-race-in-Iowa's-2nd-District,23208,Democratic,0.66,0.35,0.65,0.34,09/15/2020 15:00:50,Open
2149,6789,Which party will win the 2020 House race in Iowa's 2nd District?,https://www.predictit.org/markets/detail/6789/Which-party-will-win-the-2020-House-race-in-Iowa's-2nd-District,23208,Democratic,0.66,0.35,0.65,0.34,09/15/2020 15:04:22,Open
2150,6789,Which party will win the 2020 House race in Iowa's 2nd District?,https://www.predictit.org/markets/detail/6789/Which-party-will-win-the-2020-House-race-in-Iowa's-2nd-District,23208,Democratic,0.66,0.35,0.65,0.34,09/15/2020 15:07:49,Open
2151,6789,Which party will win the 2020 House race in Iowa's 2nd District?,https://www.predictit.org/markets/detail/6789/Which-party-will-win-the-2020-House-race-in-Iowa's-2nd-District,23208,Democratic,0.66,0.35,0.65,0.34,09/15/2020 15:11:21,Open
2152,6789,Which party will win the 2020 House race in Iowa's 2nd District?,https://www.predictit.org/markets/detail/6789/Which-party-will-win-the-2020-House-race-in-Iowa's-2nd-District,23208,Democratic,0.66,0.35,0.65,0.34,09/15/2020 15:14:46,Open
2153,6789,Which party will win the 2020 House race in Iowa's 2nd District?,https://www.predictit.org/markets/detail/6789/Which-party-will-win-the-2020-House-race-in-Iowa's-2nd-District,23208,Democratic,0.66,0.35,0.65,0.34,09/15/2020 15:18:18,Open
2154,6789,Which party will win the 2020 House race in Iowa's 2nd District?,https://www.predictit.org/markets/detail/6789/Which-party-will-win-the-2020-House-race-in-Iowa's-2nd-District,23208,Democratic,0.66,0.35,0.65,0.34,09/15/2020 15:21:49,Open
2155,6789,Which party will win the 2020 House race in Iowa's 2nd District?,https://www.predictit.org/markets/detail/6789/Which-party-will-win-the-2020-House-race-in-Iowa's-2nd-District,23208,Democratic,0.66,0.35,0.65,0.34,09/15/2020 15:25:19,Open
2156,6789,Which party will win the 2020 House race in Iowa's 2nd District?,https://www.predictit.org/markets/detail/6789/Which-party-will-win-the-2020-House-race-in-Iowa's-2nd-District,23208,Democratic,0.66,0.35,0.65,0.34,09/15/2020 15:28:49,Open
2157,6789,Which party will win the 2020 House race in Iowa's 2nd District?,https://www.predictit.org/markets/detail/6789/Which-party-will-win-the-2020-House-race-in-Iowa's-2nd-District,23208,Democratic,0.66,0.35,0.65,0.34,09/15/2020 15:32:24,Open
2158,6789,Which party will win the 2020 House race in Iowa's 2nd District?,https://www.predictit.org/markets/detail/6789/Which-party-will-win-the-2020-House-race-in-Iowa's-2nd-District,23208,Democratic,0.66,0.35,0.65,0.34,09/15/2020 15:35:55,Open
2159,6789,Which party will win the 2020 House race in Iowa's 2nd District?,https://www.predictit.org/markets/detail/6789/Which-party-will-win-the-2020-House-race-in-Iowa's-2nd-District,23208,Democratic,0.66,0.35,0.65,0.34,09/15/2020 15:39:25,Open
2160,6789,Which party will win the 2020 House race in Iowa's 2nd District?,https://www.predictit.org/markets/detail/6789/Which-party-will-win-the-2020-House-race-in-Iowa's-2nd-District,23208,Democratic,0.66,0.35,0.65,0.34,09/15/2020 15:43:00,Open
2161,6789,Which party will win the 2020 House race in Iowa's 2nd District?,https://www.predictit.org/markets/detail/6789/Which-party-will-win-the-2020-House-race-in-Iowa's-2nd-District,23208,Democratic,0.66,0.35,0.65,0.34,09/15/2020 15:46:31,Open
2162,6789,Which party will win the 2020 House race in Iowa's 2nd District?,https://www.predictit.org/markets/detail/6789/Which-party-will-win-the-2020-House-race-in-Iowa's-2nd-District,23208,Democratic,0.66,0.35,0.65,0.34,09/15/2020 15:50:03,Open
2163,6789,Which party will win the 2020 House race in Iowa's 2nd District?,https://www.predictit.org/markets/detail/6789/Which-party-will-win-the-2020-House-race-in-Iowa's-2nd-District,23208,Democratic,0.66,0.35,0.65,0.34,09/15/2020 15:53:39,Open
2164,6789,Which party will win the 2020 House race in Iowa's 2nd District?,https://www.predictit.org/markets/detail/6789/Which-party-will-win-the-2020-House-race-in-Iowa's-2nd-District,23208,Democratic,0.66,0.35,0.65,0.34,09/15/2020 15:57:10,Open
2165,6789,Which party will win the 2020 House race in Iowa's 2nd District?,https://www.predictit.org/markets/detail/6789/Which-party-will-win-the-2020-House-race-in-Iowa's-2nd-District,23208,Democratic,0.66,0.35,0.65,0.34,09/15/2020 16:00:37,Open
2166,6789,Which party will win the 2020 House race in Iowa's 2nd District?,https://www.predictit.org/markets/detail/6789/Which-party-will-win-the-2020-House-race-in-Iowa's-2nd-District,23208,Democratic,0.66,0.35,0.65,0.34,09/15/2020 16:04:07,Open
2167,6789,Which party will win the 2020 House race in Iowa's 2nd District?,https://www.predictit.org/markets/detail/6789/Which-party-will-win-the-2020-House-race-in-Iowa's-2nd-District,23208,Democratic,0.66,0.35,0.65,0.34,09/15/2020 16:07:31,Open
2168,6789,Which party will win the 2020 House race in Iowa's 2nd District?,https://www.predictit.org/markets/detail/6789/Which-party-will-win-the-2020-House-race-in-Iowa's-2nd-District,23208,Democratic,0.66,0.35,0.65,0.34,09/15/2020 16:10:56,Open
2169,6789,Which party will win the 2020 House race in Iowa's 2nd District?,https://www.predictit.org/markets/detail/6789/Which-party-will-win-the-2020-House-race-in-Iowa's-2nd-District,23208,Democratic,0.66,0.35,0.65,0.34,09/15/2020 16:14:22,Open
2170,6789,Which party will win the 2020 House race in Iowa's 2nd District?,https://www.predictit.org/markets/detail/6789/Which-party-will-win-the-2020-House-race-in-Iowa's-2nd-District,23208,Democratic,0.66,0.35,0.65,0.34,09/15/2020 16:17:50,Open
2171,6789,Which party will win the 2020 House race in Iowa's 2nd District?,https://www.predictit.org/markets/detail/6789/Which-party-will-win-the-2020-House-race-in-Iowa's-2nd-District,23208,Democratic,0.66,0.35,0.65,0.34,09/15/2020 16:21:17,Open
2172,6789,Which party will win the 2020 House race in Iowa's 2nd District?,https://www.predictit.org/markets/detail/6789/Which-party-will-win-the-2020-House-race-in-Iowa's-2nd-District,23208,Democratic,0.66,0.35,0.65,0.34,09/15/2020 16:24:44,Open
2173,6789,Which party will win the 2020 House race in Iowa's 2nd District?,https://www.predictit.org/markets/detail/6789/Which-party-will-win-the-2020-House-race-in-Iowa's-2nd-District,23208,Democratic,0.66,0.35,0.65,0.34,09/15/2020 16:28:11,Open
2174,6789,Which party will win the 2020 House race in Iowa's 2nd District?,https://www.predictit.org/markets/detail/6789/Which-party-will-win-the-2020-House-race-in-Iowa's-2nd-District,23208,Democratic,0.66,0.35,0.65,0.34,09/15/2020 16:31:39,Open
2175,6789,Which party will win the 2020 House race in Iowa's 2nd District?,https://www.predictit.org/markets/detail/6789/Which-party-will-win-the-2020-House-race-in-Iowa's-2nd-District,23208,Democratic,0.66,0.35,0.65,0.34,09/15/2020 16:35:02,Open
2176,6789,Which party will win the 2020 House race in Iowa's 2nd District?,https://www.predictit.org/markets/detail/6789/Which-party-will-win-the-2020-House-race-in-Iowa's-2nd-District,23208,Democratic,0.66,0.35,0.65,0.34,09/15/2020 16:38:27,Open
2177,6789,Which party will win the 2020 House race in Iowa's 2nd District?,https://www.predictit.org/markets/detail/6789/Which-party-will-win-the-2020-House-race-in-Iowa's-2nd-District,23208,Democratic,0.66,0.35,0.65,0.34,09/15/2020 16:41:54,Open
2178,6789,Which party will win the 2020 House race in Iowa's 2nd District?,https://www.predictit.org/markets/detail/6789/Which-party-will-win-the-2020-House-race-in-Iowa's-2nd-District,23208,Democratic,0.66,0.35,0.65,0.34,09/15/2020 16:45:25,Open
2179,6789,Which party will win the 2020 House race in Iowa's 2nd District?,https://www.predictit.org/markets/detail/6789/Which-party-will-win-the-2020-House-race-in-Iowa's-2nd-District,23208,Democratic,0.66,0.35,0.65,0.34,09/15/2020 16:48:55,Open
2180,6789,Which party will win the 2020 House race in Iowa's 2nd District?,https://www.predictit.org/markets/detail/6789/Which-party-will-win-the-2020-House-race-in-Iowa's-2nd-District,23208,Democratic,0.66,0.35,0.65,0.34,09/15/2020 16:52:20,Open
2181,6789,Which party will win the 2020 House race in Iowa's 2nd District?,https://www.predictit.org/markets/detail/6789/Which-party-will-win-the-2020-House-race-in-Iowa's-2nd-District,23208,Democratic,0.66,0.35,0.65,0.34,09/15/2020 16:56:00,Open
2182,6789,Which party will win the 2020 House race in Iowa's 2nd District?,https://www.predictit.org/markets/detail/6789/Which-party-will-win-the-2020-House-race-in-Iowa's-2nd-District,23208,Democratic,0.66,0.35,0.65,0.34,09/15/2020 16:59:33,Open
2183,6789,Which party will win the 2020 House race in Iowa's 2nd District?,https://www.predictit.org/markets/detail/6789/Which-party-will-win-the-2020-House-race-in-Iowa's-2nd-District,23208,Democratic,0.66,0.35,0.65,0.34,09/15/2020 17:03:04,Open
2184,6789,Which party will win the 2020 House race in Iowa's 2nd District?,https://www.predictit.org/markets/detail/6789/Which-party-will-win-the-2020-House-race-in-Iowa's-2nd-District,23208,Democratic,0.66,0.35,0.65,0.34,09/15/2020 17:06:34,Open
2185,6789,Which party will win the 2020 House race in Iowa's 2nd District?,https://www.predictit.org/markets/detail/6789/Which-party-will-win-the-2020-House-race-in-Iowa's-2nd-District,23208,Democratic,0.66,0.35,0.65,0.34,09/15/2020 17:10:02,Open
2186,6789,Which party will win the 2020 House race in Iowa's 2nd District?,https://www.predictit.org/markets/detail/6789/Which-party-will-win-the-2020-House-race-in-Iowa's-2nd-District,23208,Democratic,0.66,0.35,0.65,0.34,09/15/2020 17:13:30,Open
2187,6789,Which party will win the 2020 House race in Iowa's 2nd District?,https://www.predictit.org/markets/detail/6789/Which-party-will-win-the-2020-House-race-in-Iowa's-2nd-District,23208,Democratic,0.66,0.35,0.65,0.34,09/15/2020 17:17:02,Open
2188,6789,Which party will win the 2020 House race in Iowa's 2nd District?,https://www.predictit.org/markets/detail/6789/Which-party-will-win-the-2020-House-race-in-Iowa's-2nd-District,23208,Democratic,0.66,0.35,0.65,0.34,09/15/2020 17:20:32,Open
2189,6789,Which party will win the 2020 House race in Iowa's 2nd District?,https://www.predictit.org/markets/detail/6789/Which-party-will-win-the-2020-House-race-in-Iowa's-2nd-District,23208,Democratic,0.66,0.35,0.65,0.34,09/15/2020 17:24:00,Open
2190,6789,Which party will win the 2020 House race in Iowa's 2nd District?,https://www.predictit.org/markets/detail/6789/Which-party-will-win-the-2020-House-race-in-Iowa's-2nd-District,23208,Democratic,0.66,0.35,0.65,0.34,09/15/2020 17:27:29,Open
2191,6789,Which party will win the 2020 House race in Iowa's 2nd District?,https://www.predictit.org/markets/detail/6789/Which-party-will-win-the-2020-House-race-in-Iowa's-2nd-District,23208,Democratic,0.66,0.35,0.65,0.34,09/15/2020 17:30:59,Open
2192,6789,Which party will win the 2020 House race in Iowa's 2nd District?,https://www.predictit.org/markets/detail/6789/Which-party-will-win-the-2020-House-race-in-Iowa's-2nd-District,23208,Democratic,0.66,0.35,0.65,0.34,09/15/2020 17:34:28,Open
2193,6789,Which party will win the 2020 House race in Iowa's 2nd District?,https://www.predictit.org/markets/detail/6789/Which-party-will-win-the-2020-House-race-in-Iowa's-2nd-District,23208,Democratic,0.66,0.35,0.65,0.34,09/15/2020 17:37:55,Open
2194,6789,Which party will win the 2020 House race in Iowa's 2nd District?,https://www.predictit.org/markets/detail/6789/Which-party-will-win-the-2020-House-race-in-Iowa's-2nd-District,23208,Democratic,0.66,0.35,0.65,0.34,09/15/2020 17:41:21,Open
2195,6789,Which party will win the 2020 House race in Iowa's 2nd District?,https://www.predictit.org/markets/detail/6789/Which-party-will-win-the-2020-House-race-in-Iowa's-2nd-District,23208,Democratic,0.66,0.35,0.65,0.34,09/15/2020 17:44:47,Open
2196,6789,Which party will win the 2020 House race in Iowa's 2nd District?,https://www.predictit.org/markets/detail/6789/Which-party-will-win-the-2020-House-race-in-Iowa's-2nd-District,23208,Democratic,0.66,0.35,0.65,0.34,09/15/2020 17:48:11,Open
2197,6789,Which party will win the 2020 House race in Iowa's 2nd District?,https://www.predictit.org/markets/detail/6789/Which-party-will-win-the-2020-House-race-in-Iowa's-2nd-District,23208,Democratic,0.66,0.35,0.65,0.34,09/15/2020 17:51:35,Open
2198,6789,Which party will win the 2020 House race in Iowa's 2nd District?,https://www.predictit.org/markets/detail/6789/Which-party-will-win-the-2020-House-race-in-Iowa's-2nd-District,23208,Democratic,0.66,0.35,0.65,0.34,09/15/2020 17:55:03,Open
2199,6789,Which party will win the 2020 House race in Iowa's 2nd District?,https://www.predictit.org/markets/detail/6789/Which-party-will-win-the-2020-House-race-in-Iowa's-2nd-District,23208,Democratic,0.66,0.35,0.65,0.34,09/15/2020 17:58:27,Open
2200,6789,Which party will win the 2020 House race in Iowa's 2nd District?,https://www.predictit.org/markets/detail/6789/Which-party-will-win-the-2020-House-race-in-Iowa's-2nd-District,23208,Democratic,0.66,0.35,0.65,0.34,09/15/2020 18:01:50,Open
2201,6789,Which party will win the 2020 House race in Iowa's 2nd District?,https://www.predictit.org/markets/detail/6789/Which-party-will-win-the-2020-House-race-in-Iowa's-2nd-District,23208,Democratic,0.66,0.35,0.65,0.34,09/15/2020 18:05:16,Open
2202,6789,Which party will win the 2020 House race in Iowa's 2nd District?,https://www.predictit.org/markets/detail/6789/Which-party-will-win-the-2020-House-race-in-Iowa's-2nd-District,23208,Democratic,0.66,0.35,0.65,0.34,09/15/2020 18:08:38,Open
2203,6789,Which party will win the 2020 House race in Iowa's 2nd District?,https://www.predictit.org/markets/detail/6789/Which-party-will-win-the-2020-House-race-in-Iowa's-2nd-District,23208,Democratic,0.66,0.35,0.65,0.34,09/15/2020 18:12:01,Open
2204,6789,Which party will win the 2020 House race in Iowa's 2nd District?,https://www.predictit.org/markets/detail/6789/Which-party-will-win-the-2020-House-race-in-Iowa's-2nd-District,23208,Democratic,0.66,0.35,0.65,0.34,09/15/2020 18:15:31,Open
2205,6789,Which party will win the 2020 House race in Iowa's 2nd District?,https://www.predictit.org/markets/detail/6789/Which-party-will-win-the-2020-House-race-in-Iowa's-2nd-District,23208,Democratic,0.66,0.35,0.65,0.34,09/15/2020 18:18:57,Open
2206,6789,Which party will win the 2020 House race in Iowa's 2nd District?,https://www.predictit.org/markets/detail/6789/Which-party-will-win-the-2020-House-race-in-Iowa's-2nd-District,23208,Democratic,0.66,0.35,0.65,0.34,09/15/2020 18:22:28,Open
2207,6789,Which party will win the 2020 House race in Iowa's 2nd District?,https://www.predictit.org/markets/detail/6789/Which-party-will-win-the-2020-House-race-in-Iowa's-2nd-District,23208,Democratic,0.66,0.35,0.65,0.34,09/15/2020 18:25:57,Open
2208,6789,Which party will win the 2020 House race in Iowa's 2nd District?,https://www.predictit.org/markets/detail/6789/Which-party-will-win-the-2020-House-race-in-Iowa's-2nd-District,23208,Democratic,0.66,0.35,0.65,0.34,09/15/2020 18:29:20,Open
2209,6789,Which party will win the 2020 House race in Iowa's 2nd District?,https://www.predictit.org/markets/detail/6789/Which-party-will-win-the-2020-House-race-in-Iowa's-2nd-District,23208,Democratic,0.66,0.35,0.65,0.34,09/15/2020 18:32:47,Open
2210,6789,Which party will win the 2020 House race in Iowa's 2nd District?,https://www.predictit.org/markets/detail/6789/Which-party-will-win-the-2020-House-race-in-Iowa's-2nd-District,23208,Democratic,0.66,0.35,0.65,0.34,09/15/2020 18:36:16,Open
2211,6789,Which party will win the 2020 House race in Iowa's 2nd District?,https://www.predictit.org/markets/detail/6789/Which-party-will-win-the-2020-House-race-in-Iowa's-2nd-District,23208,Democratic,0.66,0.35,0.65,0.34,09/15/2020 18:39:36,Open
2212,6789,Which party will win the 2020 House race in Iowa's 2nd District?,https://www.predictit.org/markets/detail/6789/Which-party-will-win-the-2020-House-race-in-Iowa's-2nd-District,23208,Democratic,0.66,0.35,0.65,0.34,09/15/2020 18:43:04,Open
2213,6789,Which party will win the 2020 House race in Iowa's 2nd District?,https://www.predictit.org/markets/detail/6789/Which-party-will-win-the-2020-House-race-in-Iowa's-2nd-District,23208,Democratic,0.66,0.35,0.65,0.34,09/15/2020 18:46:30,Open
2214,6789,Which party will win the 2020 House race in Iowa's 2nd District?,https://www.predictit.org/markets/detail/6789/Which-party-will-win-the-2020-House-race-in-Iowa's-2nd-District,23208,Democratic,0.66,0.35,0.65,0.34,09/15/2020 18:49:54,Open
2215,6789,Which party will win the 2020 House race in Iowa's 2nd District?,https://www.predictit.org/markets/detail/6789/Which-party-will-win-the-2020-House-race-in-Iowa's-2nd-District,23208,Democratic,0.66,0.35,0.65,0.34,09/15/2020 18:53:22,Open
2216,6789,Which party will win the 2020 House race in Iowa's 2nd District?,https://www.predictit.org/markets/detail/6789/Which-party-will-win-the-2020-House-race-in-Iowa's-2nd-District,23208,Democratic,0.66,0.35,0.65,0.34,09/15/2020 18:56:48,Open
2217,6789,Which party will win the 2020 House race in Iowa's 2nd District?,https://www.predictit.org/markets/detail/6789/Which-party-will-win-the-2020-House-race-in-Iowa's-2nd-District,23208,Democratic,0.66,0.35,0.65,0.34,09/15/2020 19:00:14,Open
2218,6789,Which party will win the 2020 House race in Iowa's 2nd District?,https://www.predictit.org/markets/detail/6789/Which-party-will-win-the-2020-House-race-in-Iowa's-2nd-District,23208,Democratic,0.66,0.35,0.65,0.34,09/15/2020 19:03:41,Open
2219,6789,Which party will win the 2020 House race in Iowa's 2nd District?,https://www.predictit.org/markets/detail/6789/Which-party-will-win-the-2020-House-race-in-Iowa's-2nd-District,23208,Democratic,0.66,0.35,0.65,0.34,09/15/2020 19:07:07,Open
2220,6789,Which party will win the 2020 House race in Iowa's 2nd District?,https://www.predictit.org/markets/detail/6789/Which-party-will-win-the-2020-House-race-in-Iowa's-2nd-District,23208,Democratic,0.66,0.35,0.65,0.34,09/15/2020 19:10:31,Open
2221,6789,Which party will win the 2020 House race in Iowa's 2nd District?,https://www.predictit.org/markets/detail/6789/Which-party-will-win-the-2020-House-race-in-Iowa's-2nd-District,23208,Democratic,0.66,0.35,0.65,0.34,09/15/2020 19:13:55,Open
2222,6789,Which party will win the 2020 House race in Iowa's 2nd District?,https://www.predictit.org/markets/detail/6789/Which-party-will-win-the-2020-House-race-in-Iowa's-2nd-District,23208,Democratic,0.66,0.35,0.65,0.34,09/15/2020 19:17:23,Open
2223,6789,Which party will win the 2020 House race in Iowa's 2nd District?,https://www.predictit.org/markets/detail/6789/Which-party-will-win-the-2020-House-race-in-Iowa's-2nd-District,23208,Democratic,0.66,0.35,0.65,0.34,09/15/2020 19:20:48,Open
2224,6789,Which party will win the 2020 House race in Iowa's 2nd District?,https://www.predictit.org/markets/detail/6789/Which-party-will-win-the-2020-House-race-in-Iowa's-2nd-District,23208,Democratic,0.66,0.35,0.65,0.34,09/15/2020 19:24:16,Open
2225,6789,Which party will win the 2020 House race in Iowa's 2nd District?,https://www.predictit.org/markets/detail/6789/Which-party-will-win-the-2020-House-race-in-Iowa's-2nd-District,23208,Democratic,0.66,0.35,0.65,0.34,09/15/2020 19:27:46,Open
2226,6789,Which party will win the 2020 House race in Iowa's 2nd District?,https://www.predictit.org/markets/detail/6789/Which-party-will-win-the-2020-House-race-in-Iowa's-2nd-District,23208,Democratic,0.66,0.35,0.65,0.34,09/15/2020 19:31:12,Open
2227,6789,Which party will win the 2020 House race in Iowa's 2nd District?,https://www.predictit.org/markets/detail/6789/Which-party-will-win-the-2020-House-race-in-Iowa's-2nd-District,23208,Democratic,0.66,0.35,0.65,0.34,09/15/2020 19:34:36,Open
2228,6789,Which party will win the 2020 House race in Iowa's 2nd District?,https://www.predictit.org/markets/detail/6789/Which-party-will-win-the-2020-House-race-in-Iowa's-2nd-District,23208,Democratic,0.66,0.35,0.65,0.34,09/15/2020 19:38:03,Open
2229,6789,Which party will win the 2020 House race in Iowa's 2nd District?,https://www.predictit.org/markets/detail/6789/Which-party-will-win-the-2020-House-race-in-Iowa's-2nd-District,23208,Democratic,0.66,0.35,0.65,0.34,09/15/2020 19:41:28,Open
2230,6789,Which party will win the 2020 House race in Iowa's 2nd District?,https://www.predictit.org/markets/detail/6789/Which-party-will-win-the-2020-House-race-in-Iowa's-2nd-District,23208,Democratic,0.66,0.35,0.65,0.34,09/15/2020 19:44:52,Open
2231,6789,Which party will win the 2020 House race in Iowa's 2nd District?,https://www.predictit.org/markets/detail/6789/Which-party-will-win-the-2020-House-race-in-Iowa's-2nd-District,23208,Democratic,0.66,0.35,0.65,0.34,09/15/2020 19:48:19,Open
2232,6789,Which party will win the 2020 House race in Iowa's 2nd District?,https://www.predictit.org/markets/detail/6789/Which-party-will-win-the-2020-House-race-in-Iowa's-2nd-District,23208,Democratic,0.66,0.35,0.65,0.34,09/15/2020 19:51:44,Open
2233,6789,Which party will win the 2020 House race in Iowa's 2nd District?,https://www.predictit.org/markets/detail/6789/Which-party-will-win-the-2020-House-race-in-Iowa's-2nd-District,23208,Democratic,0.66,0.35,0.65,0.34,09/15/2020 19:55:09,Open
2234,6789,Which party will win the 2020 House race in Iowa's 2nd District?,https://www.predictit.org/markets/detail/6789/Which-party-will-win-the-2020-House-race-in-Iowa's-2nd-District,23208,Democratic,0.66,0.35,0.65,0.34,09/15/2020 19:58:38,Open
2235,6789,Which party will win the 2020 House race in Iowa's 2nd District?,https://www.predictit.org/markets/detail/6789/Which-party-will-win-the-2020-House-race-in-Iowa's-2nd-District,23208,Democratic,0.66,0.35,0.65,0.34,09/15/2020 20:02:03,Open
2236,6789,Which party will win the 2020 House race in Iowa's 2nd District?,https://www.predictit.org/markets/detail/6789/Which-party-will-win-the-2020-House-race-in-Iowa's-2nd-District,23208,Democratic,0.66,0.35,0.65,0.34,09/15/2020 20:05:28,Open
2237,6789,Which party will win the 2020 House race in Iowa's 2nd District?,https://www.predictit.org/markets/detail/6789/Which-party-will-win-the-2020-House-race-in-Iowa's-2nd-District,23208,Democratic,0.66,0.35,0.65,0.34,09/15/2020 20:09:01,Open
2238,6789,Which party will win the 2020 House race in Iowa's 2nd District?,https://www.predictit.org/markets/detail/6789/Which-party-will-win-the-2020-House-race-in-Iowa's-2nd-District,23208,Democratic,0.66,0.35,0.65,0.34,09/15/2020 20:12:25,Open
2239,6789,Which party will win the 2020 House race in Iowa's 2nd District?,https://www.predictit.org/markets/detail/6789/Which-party-will-win-the-2020-House-race-in-Iowa's-2nd-District,23208,Democratic,0.66,0.35,0.65,0.34,09/15/2020 20:15:53,Open
2240,6789,Which party will win the 2020 House race in Iowa's 2nd District?,https://www.predictit.org/markets/detail/6789/Which-party-will-win-the-2020-House-race-in-Iowa's-2nd-District,23208,Democratic,0.66,0.35,0.65,0.34,09/15/2020 20:19:20,Open
2241,6789,Which party will win the 2020 House race in Iowa's 2nd District?,https://www.predictit.org/markets/detail/6789/Which-party-will-win-the-2020-House-race-in-Iowa's-2nd-District,23208,Democratic,0.66,0.35,0.65,0.34,09/15/2020 20:22:44,Open
2242,6789,Which party will win the 2020 House race in Iowa's 2nd District?,https://www.predictit.org/markets/detail/6789/Which-party-will-win-the-2020-House-race-in-Iowa's-2nd-District,23208,Democratic,0.66,0.35,0.65,0.34,09/15/2020 20:26:11,Open
2243,6789,Which party will win the 2020 House race in Iowa's 2nd District?,https://www.predictit.org/markets/detail/6789/Which-party-will-win-the-2020-House-race-in-Iowa's-2nd-District,23208,Democratic,0.66,0.35,0.65,0.34,09/15/2020 20:29:38,Open
2244,6789,Which party will win the 2020 House race in Iowa's 2nd District?,https://www.predictit.org/markets/detail/6789/Which-party-will-win-the-2020-House-race-in-Iowa's-2nd-District,23208,Democratic,0.66,0.35,0.65,0.34,09/15/2020 20:33:01,Open
2245,6789,Which party will win the 2020 House race in Iowa's 2nd District?,https://www.predictit.org/markets/detail/6789/Which-party-will-win-the-2020-House-race-in-Iowa's-2nd-District,23208,Democratic,0.66,0.35,0.65,0.34,09/15/2020 20:36:29,Open
2246,6789,Which party will win the 2020 House race in Iowa's 2nd District?,https://www.predictit.org/markets/detail/6789/Which-party-will-win-the-2020-House-race-in-Iowa's-2nd-District,23208,Democratic,0.66,0.35,0.65,0.34,09/15/2020 20:39:53,Open
2247,6789,Which party will win the 2020 House race in Iowa's 2nd District?,https://www.predictit.org/markets/detail/6789/Which-party-will-win-the-2020-House-race-in-Iowa's-2nd-District,23208,Democratic,0.66,0.35,0.65,0.34,09/15/2020 20:43:22,Open
2248,6789,Which party will win the 2020 House race in Iowa's 2nd District?,https://www.predictit.org/markets/detail/6789/Which-party-will-win-the-2020-House-race-in-Iowa's-2nd-District,23208,Democratic,0.66,0.35,0.65,0.34,09/15/2020 20:46:53,Open
2249,6789,Which party will win the 2020 House race in Iowa's 2nd District?,https://www.predictit.org/markets/detail/6789/Which-party-will-win-the-2020-House-race-in-Iowa's-2nd-District,23208,Democratic,0.66,0.35,0.65,0.34,09/15/2020 20:50:21,Open
2250,6789,Which party will win the 2020 House race in Iowa's 2nd District?,https://www.predictit.org/markets/detail/6789/Which-party-will-win-the-2020-House-race-in-Iowa's-2nd-District,23208,Democratic,0.66,0.35,0.65,0.34,09/15/2020 20:53:49,Open
2251,6789,Which party will win the 2020 House race in Iowa's 2nd District?,https://www.predictit.org/markets/detail/6789/Which-party-will-win-the-2020-House-race-in-Iowa's-2nd-District,23208,Democratic,0.66,0.35,0.65,0.34,09/15/2020 20:57:19,Open
2252,6789,Which party will win the 2020 House race in Iowa's 2nd District?,https://www.predictit.org/markets/detail/6789/Which-party-will-win-the-2020-House-race-in-Iowa's-2nd-District,23208,Democratic,0.66,0.35,0.65,0.34,09/15/2020 21:00:46,Open
2253,6789,Which party will win the 2020 House race in Iowa's 2nd District?,https://www.predictit.org/markets/detail/6789/Which-party-will-win-the-2020-House-race-in-Iowa's-2nd-District,23208,Democratic,0.66,0.35,0.65,0.34,09/15/2020 21:04:14,Open
2254,6789,Which party will win the 2020 House race in Iowa's 2nd District?,https://www.predictit.org/markets/detail/6789/Which-party-will-win-the-2020-House-race-in-Iowa's-2nd-District,23208,Democratic,0.66,0.35,0.65,0.34,09/15/2020 21:07:42,Open
2255,6789,Which party will win the 2020 House race in Iowa's 2nd District?,https://www.predictit.org/markets/detail/6789/Which-party-will-win-the-2020-House-race-in-Iowa's-2nd-District,23208,Democratic,0.66,0.35,0.65,0.34,09/15/2020 21:11:12,Open
2256,6789,Which party will win the 2020 House race in Iowa's 2nd District?,https://www.predictit.org/markets/detail/6789/Which-party-will-win-the-2020-House-race-in-Iowa's-2nd-District,23208,Democratic,0.66,0.35,0.65,0.34,09/15/2020 21:14:40,Open
2257,6789,Which party will win the 2020 House race in Iowa's 2nd District?,https://www.predictit.org/markets/detail/6789/Which-party-will-win-the-2020-House-race-in-Iowa's-2nd-District,23208,Democratic,0.66,0.35,0.65,0.34,09/15/2020 21:18:12,Open
2258,6789,Which party will win the 2020 House race in Iowa's 2nd District?,https://www.predictit.org/markets/detail/6789/Which-party-will-win-the-2020-House-race-in-Iowa's-2nd-District,23208,Democratic,0.66,0.35,0.65,0.34,09/15/2020 21:21:42,Open
2259,6789,Which party will win the 2020 House race in Iowa's 2nd District?,https://www.predictit.org/markets/detail/6789/Which-party-will-win-the-2020-House-race-in-Iowa's-2nd-District,23208,Democratic,0.66,0.35,0.65,0.34,09/15/2020 21:25:11,Open
2260,6789,Which party will win the 2020 House race in Iowa's 2nd District?,https://www.predictit.org/markets/detail/6789/Which-party-will-win-the-2020-House-race-in-Iowa's-2nd-District,23208,Democratic,0.66,0.35,0.65,0.34,09/15/2020 21:28:40,Open
2261,6789,Which party will win the 2020 House race in Iowa's 2nd District?,https://www.predictit.org/markets/detail/6789/Which-party-will-win-the-2020-House-race-in-Iowa's-2nd-District,23208,Democratic,0.66,0.35,0.65,0.34,09/15/2020 21:32:09,Open
2262,6789,Which party will win the 2020 House race in Iowa's 2nd District?,https://www.predictit.org/markets/detail/6789/Which-party-will-win-the-2020-House-race-in-Iowa's-2nd-District,23208,Democratic,0.66,0.35,0.65,0.34,09/15/2020 21:35:36,Open
2263,6789,Which party will win the 2020 House race in Iowa's 2nd District?,https://www.predictit.org/markets/detail/6789/Which-party-will-win-the-2020-House-race-in-Iowa's-2nd-District,23208,Democratic,0.66,0.35,0.65,0.34,09/15/2020 21:39:06,Open
2264,6789,Which party will win the 2020 House race in Iowa's 2nd District?,https://www.predictit.org/markets/detail/6789/Which-party-will-win-the-2020-House-race-in-Iowa's-2nd-District,23208,Democratic,0.66,0.35,0.65,0.34,09/15/2020 21:42:35,Open
2265,6789,Which party will win the 2020 House race in Iowa's 2nd District?,https://www.predictit.org/markets/detail/6789/Which-party-will-win-the-2020-House-race-in-Iowa's-2nd-District,23208,Democratic,0.66,0.35,0.65,0.34,09/15/2020 21:46:03,Open
2266,6789,Which party will win the 2020 House race in Iowa's 2nd District?,https://www.predictit.org/markets/detail/6789/Which-party-will-win-the-2020-House-race-in-Iowa's-2nd-District,23208,Democratic,0.66,0.35,0.65,0.34,09/15/2020 21:49:30,Open
2267,6789,Which party will win the 2020 House race in Iowa's 2nd District?,https://www.predictit.org/markets/detail/6789/Which-party-will-win-the-2020-House-race-in-Iowa's-2nd-District,23208,Democratic,0.66,0.35,0.65,0.34,09/15/2020 21:53:00,Open
2268,6789,Which party will win the 2020 House race in Iowa's 2nd District?,https://www.predictit.org/markets/detail/6789/Which-party-will-win-the-2020-House-race-in-Iowa's-2nd-District,23208,Democratic,0.66,0.35,0.65,0.34,09/15/2020 21:56:27,Open
2269,6789,Which party will win the 2020 House race in Iowa's 2nd District?,https://www.predictit.org/markets/detail/6789/Which-party-will-win-the-2020-House-race-in-Iowa's-2nd-District,23208,Democratic,0.66,0.35,0.65,0.34,09/15/2020 21:59:53,Open
2270,6789,Which party will win the 2020 House race in Iowa's 2nd District?,https://www.predictit.org/markets/detail/6789/Which-party-will-win-the-2020-House-race-in-Iowa's-2nd-District,23208,Democratic,0.66,0.35,0.65,0.34,09/15/2020 22:03:20,Open
2271,6789,Which party will win the 2020 House race in Iowa's 2nd District?,https://www.predictit.org/markets/detail/6789/Which-party-will-win-the-2020-House-race-in-Iowa's-2nd-District,23208,Democratic,0.66,0.35,0.65,0.34,09/15/2020 22:06:46,Open
2272,6789,Which party will win the 2020 House race in Iowa's 2nd District?,https://www.predictit.org/markets/detail/6789/Which-party-will-win-the-2020-House-race-in-Iowa's-2nd-District,23208,Democratic,0.66,0.35,0.65,0.34,09/15/2020 22:10:14,Open
2273,6789,Which party will win the 2020 House race in Iowa's 2nd District?,https://www.predictit.org/markets/detail/6789/Which-party-will-win-the-2020-House-race-in-Iowa's-2nd-District,23208,Democratic,0.66,0.35,0.65,0.34,09/15/2020 22:13:44,Open
2274,6789,Which party will win the 2020 House race in Iowa's 2nd District?,https://www.predictit.org/markets/detail/6789/Which-party-will-win-the-2020-House-race-in-Iowa's-2nd-District,23208,Democratic,0.66,0.35,0.65,0.34,09/15/2020 22:17:13,Open
2275,6789,Which party will win the 2020 House race in Iowa's 2nd District?,https://www.predictit.org/markets/detail/6789/Which-party-will-win-the-2020-House-race-in-Iowa's-2nd-District,23208,Democratic,0.66,0.35,0.65,0.34,09/15/2020 22:20:47,Open
2276,6789,Which party will win the 2020 House race in Iowa's 2nd District?,https://www.predictit.org/markets/detail/6789/Which-party-will-win-the-2020-House-race-in-Iowa's-2nd-District,23208,Democratic,0.66,0.35,0.65,0.34,09/15/2020 22:24:19,Open
2277,6789,Which party will win the 2020 House race in Iowa's 2nd District?,https://www.predictit.org/markets/detail/6789/Which-party-will-win-the-2020-House-race-in-Iowa's-2nd-District,23208,Democratic,0.66,0.35,0.65,0.34,09/15/2020 22:27:45,Open
2278,6789,Which party will win the 2020 House race in Iowa's 2nd District?,https://www.predictit.org/markets/detail/6789/Which-party-will-win-the-2020-House-race-in-Iowa's-2nd-District,23208,Democratic,0.66,0.35,0.65,0.34,09/15/2020 22:31:20,Open
2279,6789,Which party will win the 2020 House race in Iowa's 2nd District?,https://www.predictit.org/markets/detail/6789/Which-party-will-win-the-2020-House-race-in-Iowa's-2nd-District,23208,Democratic,0.66,0.35,0.65,0.34,09/15/2020 22:34:48,Open
2280,6789,Which party will win the 2020 House race in Iowa's 2nd District?,https://www.predictit.org/markets/detail/6789/Which-party-will-win-the-2020-House-race-in-Iowa's-2nd-District,23208,Democratic,0.66,0.35,0.65,0.34,09/15/2020 22:38:17,Open
2281,6789,Which party will win the 2020 House race in Iowa's 2nd District?,https://www.predictit.org/markets/detail/6789/Which-party-will-win-the-2020-House-race-in-Iowa's-2nd-District,23208,Democratic,0.66,0.35,0.65,0.34,09/15/2020 22:41:45,Open
2282,6789,Which party will win the 2020 House race in Iowa's 2nd District?,https://www.predictit.org/markets/detail/6789/Which-party-will-win-the-2020-House-race-in-Iowa's-2nd-District,23208,Democratic,0.66,0.35,0.65,0.34,09/15/2020 22:45:13,Open
2283,6789,Which party will win the 2020 House race in Iowa's 2nd District?,https://www.predictit.org/markets/detail/6789/Which-party-will-win-the-2020-House-race-in-Iowa's-2nd-District,23208,Democratic,0.66,0.35,0.65,0.34,09/15/2020 22:48:40,Open
2284,6789,Which party will win the 2020 House race in Iowa's 2nd District?,https://www.predictit.org/markets/detail/6789/Which-party-will-win-the-2020-House-race-in-Iowa's-2nd-District,23208,Democratic,0.66,0.35,0.65,0.34,09/15/2020 22:52:09,Open
2285,6789,Which party will win the 2020 House race in Iowa's 2nd District?,https://www.predictit.org/markets/detail/6789/Which-party-will-win-the-2020-House-race-in-Iowa's-2nd-District,23208,Democratic,0.66,0.35,0.65,0.34,09/15/2020 22:55:37,Open
2286,6789,Which party will win the 2020 House race in Iowa's 2nd District?,https://www.predictit.org/markets/detail/6789/Which-party-will-win-the-2020-House-race-in-Iowa's-2nd-District,23208,Democratic,0.66,0.35,0.65,0.34,09/15/2020 22:59:06,Open
2287,6789,Which party will win the 2020 House race in Iowa's 2nd District?,https://www.predictit.org/markets/detail/6789/Which-party-will-win-the-2020-House-race-in-Iowa's-2nd-District,23208,Democratic,0.66,0.35,0.65,0.34,09/15/2020 23:02:36,Open
2288,6789,Which party will win the 2020 House race in Iowa's 2nd District?,https://www.predictit.org/markets/detail/6789/Which-party-will-win-the-2020-House-race-in-Iowa's-2nd-District,23208,Democratic,0.66,0.35,0.65,0.34,09/15/2020 23:06:02,Open
2289,6789,Which party will win the 2020 House race in Iowa's 2nd District?,https://www.predictit.org/markets/detail/6789/Which-party-will-win-the-2020-House-race-in-Iowa's-2nd-District,23208,Democratic,0.66,0.35,0.65,0.34,09/15/2020 23:09:34,Open
2290,6789,Which party will win the 2020 House race in Iowa's 2nd District?,https://www.predictit.org/markets/detail/6789/Which-party-will-win-the-2020-House-race-in-Iowa's-2nd-District,23208,Democratic,0.66,0.35,0.65,0.34,09/15/2020 23:13:00,Open
2291,6789,Which party will win the 2020 House race in Iowa's 2nd District?,https://www.predictit.org/markets/detail/6789/Which-party-will-win-the-2020-House-race-in-Iowa's-2nd-District,23208,Democratic,0.66,0.35,0.65,0.34,09/15/2020 23:16:27,Open
2292,6789,Which party will win the 2020 House race in Iowa's 2nd District?,https://www.predictit.org/markets/detail/6789/Which-party-will-win-the-2020-House-race-in-Iowa's-2nd-District,23208,Democratic,0.66,0.35,0.65,0.34,09/15/2020 23:20:52,Open
2293,6789,Which party will win the 2020 House race in Iowa's 2nd District?,https://www.predictit.org/markets/detail/6789/Which-party-will-win-the-2020-House-race-in-Iowa's-2nd-District,23208,Democratic,0.66,0.35,0.65,0.34,09/15/2020 23:24:21,Open
2294,6789,Which party will win the 2020 House race in Iowa's 2nd District?,https://www.predictit.org/markets/detail/6789/Which-party-will-win-the-2020-House-race-in-Iowa's-2nd-District,23208,Democratic,0.66,0.35,0.65,0.34,09/15/2020 23:27:48,Open
2295,6789,Which party will win the 2020 House race in Iowa's 2nd District?,https://www.predictit.org/markets/detail/6789/Which-party-will-win-the-2020-House-race-in-Iowa's-2nd-District,23208,Democratic,0.66,0.35,0.65,0.34,09/15/2020 23:31:21,Open
2296,6789,Which party will win the 2020 House race in Iowa's 2nd District?,https://www.predictit.org/markets/detail/6789/Which-party-will-win-the-2020-House-race-in-Iowa's-2nd-District,23208,Democratic,0.66,0.35,0.65,0.34,09/15/2020 23:34:50,Open
2297,6789,Which party will win the 2020 House race in Iowa's 2nd District?,https://www.predictit.org/markets/detail/6789/Which-party-will-win-the-2020-House-race-in-Iowa's-2nd-District,23208,Democratic,0.66,0.35,0.65,0.34,09/15/2020 23:38:19,Open
2298,6789,Which party will win the 2020 House race in Iowa's 2nd District?,https://www.predictit.org/markets/detail/6789/Which-party-will-win-the-2020-House-race-in-Iowa's-2nd-District,23208,Democratic,0.66,0.35,0.65,0.34,09/15/2020 23:41:51,Open
2299,6789,Which party will win the 2020 House race in Iowa's 2nd District?,https://www.predictit.org/markets/detail/6789/Which-party-will-win-the-2020-House-race-in-Iowa's-2nd-District,23208,Democratic,0.66,0.35,0.65,0.34,09/15/2020 23:45:20,Open
2300,6789,Which party will win the 2020 House race in Iowa's 2nd District?,https://www.predictit.org/markets/detail/6789/Which-party-will-win-the-2020-House-race-in-Iowa's-2nd-District,23208,Democratic,0.66,0.35,0.65,0.34,09/15/2020 23:48:49,Open
2301,6789,Which party will win the 2020 House race in Iowa's 2nd District?,https://www.predictit.org/markets/detail/6789/Which-party-will-win-the-2020-House-race-in-Iowa's-2nd-District,23208,Democratic,0.66,0.35,0.65,0.34,09/15/2020 23:52:18,Open
2302,6789,Which party will win the 2020 House race in Iowa's 2nd District?,https://www.predictit.org/markets/detail/6789/Which-party-will-win-the-2020-House-race-in-Iowa's-2nd-District,23208,Democratic,0.66,0.35,0.65,0.34,09/15/2020 23:55:49,Open
2303,6789,Which party will win the 2020 House race in Iowa's 2nd District?,https://www.predictit.org/markets/detail/6789/Which-party-will-win-the-2020-House-race-in-Iowa's-2nd-District,23208,Democratic,0.66,0.35,0.65,0.34,09/15/2020 23:59:17,Open
2304,6789,Which party will win the 2020 House race in Iowa's 2nd District?,https://www.predictit.org/markets/detail/6789/Which-party-will-win-the-2020-House-race-in-Iowa's-2nd-District,23208,Democratic,0.66,0.35,0.65,0.34,09/16/2020 00:02:51,Open
2305,6789,Which party will win the 2020 House race in Iowa's 2nd District?,https://www.predictit.org/markets/detail/6789/Which-party-will-win-the-2020-House-race-in-Iowa's-2nd-District,23208,Democratic,0.66,0.35,0.65,0.34,09/16/2020 00:06:22,Open
2306,6789,Which party will win the 2020 House race in Iowa's 2nd District?,https://www.predictit.org/markets/detail/6789/Which-party-will-win-the-2020-House-race-in-Iowa's-2nd-District,23208,Democratic,0.66,0.35,0.65,0.34,09/16/2020 00:09:49,Open
2307,6789,Which party will win the 2020 House race in Iowa's 2nd District?,https://www.predictit.org/markets/detail/6789/Which-party-will-win-the-2020-House-race-in-Iowa's-2nd-District,23208,Democratic,0.66,0.35,0.65,0.34,09/16/2020 00:13:19,Open
2308,6789,Which party will win the 2020 House race in Iowa's 2nd District?,https://www.predictit.org/markets/detail/6789/Which-party-will-win-the-2020-House-race-in-Iowa's-2nd-District,23208,Democratic,0.66,0.35,0.65,0.34,09/16/2020 00:16:52,Open
2309,6789,Which party will win the 2020 House race in Iowa's 2nd District?,https://www.predictit.org/markets/detail/6789/Which-party-will-win-the-2020-House-race-in-Iowa's-2nd-District,23208,Democratic,0.66,0.35,0.65,0.34,09/16/2020 00:20:21,Open
2310,6789,Which party will win the 2020 House race in Iowa's 2nd District?,https://www.predictit.org/markets/detail/6789/Which-party-will-win-the-2020-House-race-in-Iowa's-2nd-District,23208,Democratic,0.66,0.35,0.65,0.34,09/16/2020 00:23:52,Open
2311,6789,Which party will win the 2020 House race in Iowa's 2nd District?,https://www.predictit.org/markets/detail/6789/Which-party-will-win-the-2020-House-race-in-Iowa's-2nd-District,23208,Democratic,0.66,0.35,0.65,0.34,09/16/2020 00:27:20,Open
2312,6789,Which party will win the 2020 House race in Iowa's 2nd District?,https://www.predictit.org/markets/detail/6789/Which-party-will-win-the-2020-House-race-in-Iowa's-2nd-District,23208,Democratic,0.66,0.35,0.65,0.34,09/16/2020 00:30:51,Open
2313,6789,Which party will win the 2020 House race in Iowa's 2nd District?,https://www.predictit.org/markets/detail/6789/Which-party-will-win-the-2020-House-race-in-Iowa's-2nd-District,23208,Democratic,0.66,0.35,0.65,0.34,09/16/2020 00:34:20,Open
2314,6789,Which party will win the 2020 House race in Iowa's 2nd District?,https://www.predictit.org/markets/detail/6789/Which-party-will-win-the-2020-House-race-in-Iowa's-2nd-District,23208,Democratic,0.66,0.35,0.65,0.34,09/16/2020 00:37:48,Open
2315,6789,Which party will win the 2020 House race in Iowa's 2nd District?,https://www.predictit.org/markets/detail/6789/Which-party-will-win-the-2020-House-race-in-Iowa's-2nd-District,23208,Democratic,0.66,0.35,0.65,0.34,09/16/2020 00:41:17,Open
2316,6789,Which party will win the 2020 House race in Iowa's 2nd District?,https://www.predictit.org/markets/detail/6789/Which-party-will-win-the-2020-House-race-in-Iowa's-2nd-District,23208,Democratic,0.66,0.35,0.65,0.34,09/16/2020 00:44:46,Open
2317,6789,Which party will win the 2020 House race in Iowa's 2nd District?,https://www.predictit.org/markets/detail/6789/Which-party-will-win-the-2020-House-race-in-Iowa's-2nd-District,23208,Democratic,0.66,0.35,0.65,0.34,09/16/2020 00:48:14,Open
2318,6789,Which party will win the 2020 House race in Iowa's 2nd District?,https://www.predictit.org/markets/detail/6789/Which-party-will-win-the-2020-House-race-in-Iowa's-2nd-District,23208,Democratic,0.66,0.35,0.65,0.34,09/16/2020 00:51:44,Open
2319,6789,Which party will win the 2020 House race in Iowa's 2nd District?,https://www.predictit.org/markets/detail/6789/Which-party-will-win-the-2020-House-race-in-Iowa's-2nd-District,23208,Democratic,0.66,0.35,0.65,0.34,09/16/2020 00:55:15,Open
2320,6789,Which party will win the 2020 House race in Iowa's 2nd District?,https://www.predictit.org/markets/detail/6789/Which-party-will-win-the-2020-House-race-in-Iowa's-2nd-District,23208,Democratic,0.66,0.35,0.65,0.34,09/16/2020 00:58:43,Open
2321,6789,Which party will win the 2020 House race in Iowa's 2nd District?,https://www.predictit.org/markets/detail/6789/Which-party-will-win-the-2020-House-race-in-Iowa's-2nd-District,23208,Democratic,0.66,0.35,0.65,0.34,09/16/2020 01:02:15,Open
2322,6789,Which party will win the 2020 House race in Iowa's 2nd District?,https://www.predictit.org/markets/detail/6789/Which-party-will-win-the-2020-House-race-in-Iowa's-2nd-District,23208,Democratic,0.66,0.35,0.65,0.34,09/16/2020 01:05:44,Open
2323,6789,Which party will win the 2020 House race in Iowa's 2nd District?,https://www.predictit.org/markets/detail/6789/Which-party-will-win-the-2020-House-race-in-Iowa's-2nd-District,23208,Democratic,0.66,0.35,0.65,0.34,09/16/2020 01:09:14,Open
2324,6789,Which party will win the 2020 House race in Iowa's 2nd District?,https://www.predictit.org/markets/detail/6789/Which-party-will-win-the-2020-House-race-in-Iowa's-2nd-District,23208,Democratic,0.66,0.35,0.65,0.34,09/16/2020 01:12:45,Open
2325,6789,Which party will win the 2020 House race in Iowa's 2nd District?,https://www.predictit.org/markets/detail/6789/Which-party-will-win-the-2020-House-race-in-Iowa's-2nd-District,23208,Democratic,0.66,0.35,0.65,0.34,09/16/2020 01:16:12,Open
2326,6789,Which party will win the 2020 House race in Iowa's 2nd District?,https://www.predictit.org/markets/detail/6789/Which-party-will-win-the-2020-House-race-in-Iowa's-2nd-District,23208,Democratic,0.66,0.35,0.65,0.34,09/16/2020 01:19:41,Open
2327,6789,Which party will win the 2020 House race in Iowa's 2nd District?,https://www.predictit.org/markets/detail/6789/Which-party-will-win-the-2020-House-race-in-Iowa's-2nd-District,23208,Democratic,0.66,0.35,0.65,0.34,09/16/2020 01:23:13,Open
2328,6789,Which party will win the 2020 House race in Iowa's 2nd District?,https://www.predictit.org/markets/detail/6789/Which-party-will-win-the-2020-House-race-in-Iowa's-2nd-District,23208,Democratic,0.66,0.35,0.65,0.34,09/16/2020 01:26:41,Open
2329,6789,Which party will win the 2020 House race in Iowa's 2nd District?,https://www.predictit.org/markets/detail/6789/Which-party-will-win-the-2020-House-race-in-Iowa's-2nd-District,23208,Democratic,0.66,0.35,0.65,0.34,09/16/2020 01:30:13,Open
2330,6789,Which party will win the 2020 House race in Iowa's 2nd District?,https://www.predictit.org/markets/detail/6789/Which-party-will-win-the-2020-House-race-in-Iowa's-2nd-District,23208,Democratic,0.66,0.35,0.65,0.34,09/16/2020 01:33:44,Open
2331,6789,Which party will win the 2020 House race in Iowa's 2nd District?,https://www.predictit.org/markets/detail/6789/Which-party-will-win-the-2020-House-race-in-Iowa's-2nd-District,23208,Democratic,0.66,0.35,0.65,0.34,09/16/2020 01:37:12,Open
2332,6789,Which party will win the 2020 House race in Iowa's 2nd District?,https://www.predictit.org/markets/detail/6789/Which-party-will-win-the-2020-House-race-in-Iowa's-2nd-District,23208,Democratic,0.66,0.35,0.65,0.34,09/16/2020 01:40:40,Open
2333,6789,Which party will win the 2020 House race in Iowa's 2nd District?,https://www.predictit.org/markets/detail/6789/Which-party-will-win-the-2020-House-race-in-Iowa's-2nd-District,23208,Democratic,0.66,0.35,0.65,0.34,09/16/2020 01:44:12,Open
2334,6789,Which party will win the 2020 House race in Iowa's 2nd District?,https://www.predictit.org/markets/detail/6789/Which-party-will-win-the-2020-House-race-in-Iowa's-2nd-District,23208,Democratic,0.66,0.35,0.65,0.34,09/16/2020 01:47:42,Open
2335,6789,Which party will win the 2020 House race in Iowa's 2nd District?,https://www.predictit.org/markets/detail/6789/Which-party-will-win-the-2020-House-race-in-Iowa's-2nd-District,23208,Democratic,0.66,0.35,0.65,0.34,09/16/2020 01:51:13,Open
2336,6789,Which party will win the 2020 House race in Iowa's 2nd District?,https://www.predictit.org/markets/detail/6789/Which-party-will-win-the-2020-House-race-in-Iowa's-2nd-District,23208,Democratic,0.66,0.35,0.65,0.34,09/16/2020 01:54:46,Open
2337,6789,Which party will win the 2020 House race in Iowa's 2nd District?,https://www.predictit.org/markets/detail/6789/Which-party-will-win-the-2020-House-race-in-Iowa's-2nd-District,23208,Democratic,0.66,0.35,0.65,0.34,09/16/2020 01:58:17,Open
2338,6789,Which party will win the 2020 House race in Iowa's 2nd District?,https://www.predictit.org/markets/detail/6789/Which-party-will-win-the-2020-House-race-in-Iowa's-2nd-District,23208,Democratic,0.66,0.35,0.65,0.34,09/16/2020 02:01:48,Open
2339,6789,Which party will win the 2020 House race in Iowa's 2nd District?,https://www.predictit.org/markets/detail/6789/Which-party-will-win-the-2020-House-race-in-Iowa's-2nd-District,23208,Democratic,0.66,0.35,0.65,0.34,09/16/2020 02:05:21,Open
2340,6789,Which party will win the 2020 House race in Iowa's 2nd District?,https://www.predictit.org/markets/detail/6789/Which-party-will-win-the-2020-House-race-in-Iowa's-2nd-District,23208,Democratic,0.66,0.35,0.65,0.34,09/16/2020 02:08:49,Open
2341,6789,Which party will win the 2020 House race in Iowa's 2nd District?,https://www.predictit.org/markets/detail/6789/Which-party-will-win-the-2020-House-race-in-Iowa's-2nd-District,23208,Democratic,0.66,0.35,0.65,0.34,09/16/2020 02:12:21,Open
2342,6789,Which party will win the 2020 House race in Iowa's 2nd District?,https://www.predictit.org/markets/detail/6789/Which-party-will-win-the-2020-House-race-in-Iowa's-2nd-District,23208,Democratic,0.66,0.35,0.65,0.34,09/16/2020 02:15:51,Open
2343,6789,Which party will win the 2020 House race in Iowa's 2nd District?,https://www.predictit.org/markets/detail/6789/Which-party-will-win-the-2020-House-race-in-Iowa's-2nd-District,23208,Democratic,0.66,0.35,0.65,0.34,09/16/2020 02:19:21,Open
2344,6789,Which party will win the 2020 House race in Iowa's 2nd District?,https://www.predictit.org/markets/detail/6789/Which-party-will-win-the-2020-House-race-in-Iowa's-2nd-District,23208,Democratic,0.66,0.35,0.65,0.34,09/16/2020 02:22:51,Open
2345,6789,Which party will win the 2020 House race in Iowa's 2nd District?,https://www.predictit.org/markets/detail/6789/Which-party-will-win-the-2020-House-race-in-Iowa's-2nd-District,23208,Democratic,0.66,0.35,0.65,0.34,09/16/2020 02:26:22,Open
2346,6789,Which party will win the 2020 House race in Iowa's 2nd District?,https://www.predictit.org/markets/detail/6789/Which-party-will-win-the-2020-House-race-in-Iowa's-2nd-District,23208,Democratic,0.66,0.35,0.65,0.34,09/16/2020 02:29:56,Open
2347,6789,Which party will win the 2020 House race in Iowa's 2nd District?,https://www.predictit.org/markets/detail/6789/Which-party-will-win-the-2020-House-race-in-Iowa's-2nd-District,23208,Democratic,0.66,0.35,0.65,0.34,09/16/2020 02:33:28,Open
2348,6789,Which party will win the 2020 House race in Iowa's 2nd District?,https://www.predictit.org/markets/detail/6789/Which-party-will-win-the-2020-House-race-in-Iowa's-2nd-District,23208,Democratic,0.66,0.35,0.65,0.34,09/16/2020 02:36:58,Open
2349,6789,Which party will win the 2020 House race in Iowa's 2nd District?,https://www.predictit.org/markets/detail/6789/Which-party-will-win-the-2020-House-race-in-Iowa's-2nd-District,23208,Democratic,0.66,0.35,0.65,0.34,09/16/2020 02:40:31,Open
2350,6789,Which party will win the 2020 House race in Iowa's 2nd District?,https://www.predictit.org/markets/detail/6789/Which-party-will-win-the-2020-House-race-in-Iowa's-2nd-District,23208,Democratic,0.66,0.35,0.65,0.34,09/16/2020 02:44:04,Open
2351,6789,Which party will win the 2020 House race in Iowa's 2nd District?,https://www.predictit.org/markets/detail/6789/Which-party-will-win-the-2020-House-race-in-Iowa's-2nd-District,23208,Democratic,0.66,0.35,0.65,0.34,09/16/2020 02:47:35,Open
2352,6789,Which party will win the 2020 House race in Iowa's 2nd District?,https://www.predictit.org/markets/detail/6789/Which-party-will-win-the-2020-House-race-in-Iowa's-2nd-District,23208,Democratic,0.66,0.35,0.65,0.34,09/16/2020 02:51:09,Open
2353,6789,Which party will win the 2020 House race in Iowa's 2nd District?,https://www.predictit.org/markets/detail/6789/Which-party-will-win-the-2020-House-race-in-Iowa's-2nd-District,23208,Democratic,0.66,0.35,0.65,0.34,09/16/2020 02:54:46,Open
2354,6789,Which party will win the 2020 House race in Iowa's 2nd District?,https://www.predictit.org/markets/detail/6789/Which-party-will-win-the-2020-House-race-in-Iowa's-2nd-District,23208,Democratic,0.66,0.35,0.65,0.34,09/16/2020 02:58:20,Open
2355,6789,Which party will win the 2020 House race in Iowa's 2nd District?,https://www.predictit.org/markets/detail/6789/Which-party-will-win-the-2020-House-race-in-Iowa's-2nd-District,23208,Democratic,0.66,0.35,0.65,0.34,09/16/2020 03:01:56,Open
2356,6789,Which party will win the 2020 House race in Iowa's 2nd District?,https://www.predictit.org/markets/detail/6789/Which-party-will-win-the-2020-House-race-in-Iowa's-2nd-District,23208,Democratic,0.66,0.35,0.65,0.34,09/16/2020 03:05:31,Open
2357,6789,Which party will win the 2020 House race in Iowa's 2nd District?,https://www.predictit.org/markets/detail/6789/Which-party-will-win-the-2020-House-race-in-Iowa's-2nd-District,23208,Democratic,0.66,0.35,0.65,0.34,09/16/2020 03:09:04,Open
2358,6789,Which party will win the 2020 House race in Iowa's 2nd District?,https://www.predictit.org/markets/detail/6789/Which-party-will-win-the-2020-House-race-in-Iowa's-2nd-District,23208,Democratic,0.66,0.35,0.65,0.34,09/16/2020 03:12:39,Open
2359,6789,Which party will win the 2020 House race in Iowa's 2nd District?,https://www.predictit.org/markets/detail/6789/Which-party-will-win-the-2020-House-race-in-Iowa's-2nd-District,23208,Democratic,0.66,0.35,0.65,0.34,09/16/2020 03:16:11,Open
2360,6789,Which party will win the 2020 House race in Iowa's 2nd District?,https://www.predictit.org/markets/detail/6789/Which-party-will-win-the-2020-House-race-in-Iowa's-2nd-District,23208,Democratic,0.66,0.35,0.65,0.34,09/16/2020 03:19:43,Open
2361,6789,Which party will win the 2020 House race in Iowa's 2nd District?,https://www.predictit.org/markets/detail/6789/Which-party-will-win-the-2020-House-race-in-Iowa's-2nd-District,23208,Democratic,0.66,0.35,0.65,0.34,09/16/2020 03:23:25,Open
2362,6789,Which party will win the 2020 House race in Iowa's 2nd District?,https://www.predictit.org/markets/detail/6789/Which-party-will-win-the-2020-House-race-in-Iowa's-2nd-District,23208,Democratic,0.66,0.35,0.65,0.34,09/16/2020 03:26:59,Open
2363,6789,Which party will win the 2020 House race in Iowa's 2nd District?,https://www.predictit.org/markets/detail/6789/Which-party-will-win-the-2020-House-race-in-Iowa's-2nd-District,23208,Democratic,0.66,0.35,0.65,0.34,09/16/2020 03:30:30,Open
2364,6789,Which party will win the 2020 House race in Iowa's 2nd District?,https://www.predictit.org/markets/detail/6789/Which-party-will-win-the-2020-House-race-in-Iowa's-2nd-District,23208,Democratic,0.66,0.35,0.65,0.34,09/16/2020 03:34:06,Open
2365,6789,Which party will win the 2020 House race in Iowa's 2nd District?,https://www.predictit.org/markets/detail/6789/Which-party-will-win-the-2020-House-race-in-Iowa's-2nd-District,23208,Democratic,0.66,0.35,0.65,0.34,09/16/2020 03:37:40,Open
2366,6789,Which party will win the 2020 House race in Iowa's 2nd District?,https://www.predictit.org/markets/detail/6789/Which-party-will-win-the-2020-House-race-in-Iowa's-2nd-District,23208,Democratic,0.66,0.35,0.65,0.34,09/16/2020 03:41:16,Open
2367,6789,Which party will win the 2020 House race in Iowa's 2nd District?,https://www.predictit.org/markets/detail/6789/Which-party-will-win-the-2020-House-race-in-Iowa's-2nd-District,23208,Democratic,0.66,0.35,0.65,0.34,09/16/2020 03:44:54,Open
2368,6789,Which party will win the 2020 House race in Iowa's 2nd District?,https://www.predictit.org/markets/detail/6789/Which-party-will-win-the-2020-House-race-in-Iowa's-2nd-District,23208,Democratic,0.66,0.35,0.65,0.34,09/16/2020 03:48:28,Open
2369,6789,Which party will win the 2020 House race in Iowa's 2nd District?,https://www.predictit.org/markets/detail/6789/Which-party-will-win-the-2020-House-race-in-Iowa's-2nd-District,23208,Democratic,0.66,0.35,0.65,0.34,09/16/2020 03:52:01,Open
2370,6789,Which party will win the 2020 House race in Iowa's 2nd District?,https://www.predictit.org/markets/detail/6789/Which-party-will-win-the-2020-House-race-in-Iowa's-2nd-District,23208,Democratic,0.66,0.35,0.65,0.34,09/16/2020 03:55:39,Open
2371,6789,Which party will win the 2020 House race in Iowa's 2nd District?,https://www.predictit.org/markets/detail/6789/Which-party-will-win-the-2020-House-race-in-Iowa's-2nd-District,23208,Democratic,0.66,0.35,0.65,0.34,09/16/2020 03:59:18,Open
2372,6789,Which party will win the 2020 House race in Iowa's 2nd District?,https://www.predictit.org/markets/detail/6789/Which-party-will-win-the-2020-House-race-in-Iowa's-2nd-District,23208,Democratic,0.66,0.35,0.65,0.34,09/16/2020 04:02:53,Open
2373,6789,Which party will win the 2020 House race in Iowa's 2nd District?,https://www.predictit.org/markets/detail/6789/Which-party-will-win-the-2020-House-race-in-Iowa's-2nd-District,23208,Democratic,0.66,0.35,0.65,0.34,09/16/2020 04:06:29,Open
2374,6789,Which party will win the 2020 House race in Iowa's 2nd District?,https://www.predictit.org/markets/detail/6789/Which-party-will-win-the-2020-House-race-in-Iowa's-2nd-District,23208,Democratic,0.66,0.35,0.65,0.34,09/16/2020 04:10:03,Open
2375,6789,Which party will win the 2020 House race in Iowa's 2nd District?,https://www.predictit.org/markets/detail/6789/Which-party-will-win-the-2020-House-race-in-Iowa's-2nd-District,23208,Democratic,0.66,0.35,0.65,0.34,09/16/2020 04:13:34,Open
2376,6789,Which party will win the 2020 House race in Iowa's 2nd District?,https://www.predictit.org/markets/detail/6789/Which-party-will-win-the-2020-House-race-in-Iowa's-2nd-District,23208,Democratic,0.66,0.35,0.65,0.34,09/16/2020 04:17:06,Open
2377,6789,Which party will win the 2020 House race in Iowa's 2nd District?,https://www.predictit.org/markets/detail/6789/Which-party-will-win-the-2020-House-race-in-Iowa's-2nd-District,23208,Democratic,0.66,0.35,0.65,0.34,09/16/2020 04:20:42,Open
2378,6789,Which party will win the 2020 House race in Iowa's 2nd District?,https://www.predictit.org/markets/detail/6789/Which-party-will-win-the-2020-House-race-in-Iowa's-2nd-District,23208,Democratic,0.66,0.35,0.65,0.34,09/16/2020 04:24:19,Open
2379,6789,Which party will win the 2020 House race in Iowa's 2nd District?,https://www.predictit.org/markets/detail/6789/Which-party-will-win-the-2020-House-race-in-Iowa's-2nd-District,23208,Democratic,0.66,0.35,0.65,0.34,09/16/2020 04:27:53,Open
2380,6789,Which party will win the 2020 House race in Iowa's 2nd District?,https://www.predictit.org/markets/detail/6789/Which-party-will-win-the-2020-House-race-in-Iowa's-2nd-District,23208,Democratic,0.66,0.35,0.65,0.34,09/16/2020 04:31:28,Open
2381,6789,Which party will win the 2020 House race in Iowa's 2nd District?,https://www.predictit.org/markets/detail/6789/Which-party-will-win-the-2020-House-race-in-Iowa's-2nd-District,23208,Democratic,0.66,0.35,0.65,0.34,09/16/2020 04:35:06,Open
2382,6789,Which party will win the 2020 House race in Iowa's 2nd District?,https://www.predictit.org/markets/detail/6789/Which-party-will-win-the-2020-House-race-in-Iowa's-2nd-District,23208,Democratic,0.66,0.35,0.65,0.34,09/16/2020 04:38:43,Open
2383,6789,Which party will win the 2020 House race in Iowa's 2nd District?,https://www.predictit.org/markets/detail/6789/Which-party-will-win-the-2020-House-race-in-Iowa's-2nd-District,23208,Democratic,0.66,0.35,0.65,0.34,09/16/2020 04:42:22,Open
2384,6789,Which party will win the 2020 House race in Iowa's 2nd District?,https://www.predictit.org/markets/detail/6789/Which-party-will-win-the-2020-House-race-in-Iowa's-2nd-District,23208,Democratic,0.66,0.35,0.65,0.34,09/16/2020 04:45:59,Open
2385,6789,Which party will win the 2020 House race in Iowa's 2nd District?,https://www.predictit.org/markets/detail/6789/Which-party-will-win-the-2020-House-race-in-Iowa's-2nd-District,23208,Democratic,0.66,0.35,0.65,0.34,09/16/2020 04:49:36,Open
2386,6789,Which party will win the 2020 House race in Iowa's 2nd District?,https://www.predictit.org/markets/detail/6789/Which-party-will-win-the-2020-House-race-in-Iowa's-2nd-District,23208,Democratic,0.66,0.35,0.65,0.34,09/16/2020 04:53:12,Open
2387,6789,Which party will win the 2020 House race in Iowa's 2nd District?,https://www.predictit.org/markets/detail/6789/Which-party-will-win-the-2020-House-race-in-Iowa's-2nd-District,23208,Democratic,0.66,0.35,0.65,0.34,09/16/2020 04:56:50,Open
2388,6789,Which party will win the 2020 House race in Iowa's 2nd District?,https://www.predictit.org/markets/detail/6789/Which-party-will-win-the-2020-House-race-in-Iowa's-2nd-District,23208,Democratic,0.66,0.35,0.65,0.34,09/16/2020 05:00:25,Open
2389,6789,Which party will win the 2020 House race in Iowa's 2nd District?,https://www.predictit.org/markets/detail/6789/Which-party-will-win-the-2020-House-race-in-Iowa's-2nd-District,23208,Democratic,0.66,0.35,0.65,0.34,09/16/2020 05:04:01,Open
2390,6789,Which party will win the 2020 House race in Iowa's 2nd District?,https://www.predictit.org/markets/detail/6789/Which-party-will-win-the-2020-House-race-in-Iowa's-2nd-District,23208,Democratic,0.66,0.35,0.65,0.34,09/16/2020 05:07:37,Open
2391,6789,Which party will win the 2020 House race in Iowa's 2nd District?,https://www.predictit.org/markets/detail/6789/Which-party-will-win-the-2020-House-race-in-Iowa's-2nd-District,23208,Democratic,0.66,0.35,0.65,0.34,09/16/2020 05:11:13,Open
2392,6789,Which party will win the 2020 House race in Iowa's 2nd District?,https://www.predictit.org/markets/detail/6789/Which-party-will-win-the-2020-House-race-in-Iowa's-2nd-District,23208,Democratic,0.66,0.35,0.65,0.34,09/16/2020 05:14:48,Open
2393,6789,Which party will win the 2020 House race in Iowa's 2nd District?,https://www.predictit.org/markets/detail/6789/Which-party-will-win-the-2020-House-race-in-Iowa's-2nd-District,23208,Democratic,0.66,0.35,0.65,0.34,09/16/2020 05:18:22,Open
2394,6789,Which party will win the 2020 House race in Iowa's 2nd District?,https://www.predictit.org/markets/detail/6789/Which-party-will-win-the-2020-House-race-in-Iowa's-2nd-District,23208,Democratic,0.66,0.35,0.65,0.34,09/16/2020 05:21:58,Open
2395,6789,Which party will win the 2020 House race in Iowa's 2nd District?,https://www.predictit.org/markets/detail/6789/Which-party-will-win-the-2020-House-race-in-Iowa's-2nd-District,23208,Democratic,0.66,0.35,0.65,0.34,09/16/2020 05:25:34,Open
2396,6789,Which party will win the 2020 House race in Iowa's 2nd District?,https://www.predictit.org/markets/detail/6789/Which-party-will-win-the-2020-House-race-in-Iowa's-2nd-District,23208,Democratic,0.66,0.35,0.65,0.34,09/16/2020 05:29:07,Open
2397,6789,Which party will win the 2020 House race in Iowa's 2nd District?,https://www.predictit.org/markets/detail/6789/Which-party-will-win-the-2020-House-race-in-Iowa's-2nd-District,23208,Democratic,0.66,0.35,0.65,0.34,09/16/2020 05:32:40,Open
2398,6789,Which party will win the 2020 House race in Iowa's 2nd District?,https://www.predictit.org/markets/detail/6789/Which-party-will-win-the-2020-House-race-in-Iowa's-2nd-District,23208,Democratic,0.66,0.35,0.65,0.34,09/16/2020 05:36:17,Open
2399,6789,Which party will win the 2020 House race in Iowa's 2nd District?,https://www.predictit.org/markets/detail/6789/Which-party-will-win-the-2020-House-race-in-Iowa's-2nd-District,23208,Democratic,0.66,0.35,0.65,0.34,09/16/2020 05:39:51,Open
2400,6789,Which party will win the 2020 House race in Iowa's 2nd District?,https://www.predictit.org/markets/detail/6789/Which-party-will-win-the-2020-House-race-in-Iowa's-2nd-District,23208,Democratic,0.66,0.35,0.65,0.34,09/16/2020 05:43:26,Open
2401,6789,Which party will win the 2020 House race in Iowa's 2nd District?,https://www.predictit.org/markets/detail/6789/Which-party-will-win-the-2020-House-race-in-Iowa's-2nd-District,23208,Democratic,0.66,0.35,0.65,0.34,09/16/2020 05:47:01,Open
2402,6789,Which party will win the 2020 House race in Iowa's 2nd District?,https://www.predictit.org/markets/detail/6789/Which-party-will-win-the-2020-House-race-in-Iowa's-2nd-District,23208,Democratic,0.66,0.35,0.65,0.34,09/16/2020 05:50:35,Open
2403,6789,Which party will win the 2020 House race in Iowa's 2nd District?,https://www.predictit.org/markets/detail/6789/Which-party-will-win-the-2020-House-race-in-Iowa's-2nd-District,23208,Democratic,0.66,0.35,0.65,0.34,09/16/2020 05:54:10,Open
2404,6789,Which party will win the 2020 House race in Iowa's 2nd District?,https://www.predictit.org/markets/detail/6789/Which-party-will-win-the-2020-House-race-in-Iowa's-2nd-District,23208,Democratic,0.66,0.35,0.65,0.34,09/16/2020 05:57:51,Open
2405,6789,Which party will win the 2020 House race in Iowa's 2nd District?,https://www.predictit.org/markets/detail/6789/Which-party-will-win-the-2020-House-race-in-Iowa's-2nd-District,23208,Democratic,0.66,0.35,0.65,0.34,09/16/2020 06:01:29,Open
2406,6789,Which party will win the 2020 House race in Iowa's 2nd District?,https://www.predictit.org/markets/detail/6789/Which-party-will-win-the-2020-House-race-in-Iowa's-2nd-District,23208,Democratic,0.66,0.35,0.65,0.34,09/16/2020 06:05:08,Open
2407,6789,Which party will win the 2020 House race in Iowa's 2nd District?,https://www.predictit.org/markets/detail/6789/Which-party-will-win-the-2020-House-race-in-Iowa's-2nd-District,23208,Democratic,0.66,0.35,0.65,0.34,09/16/2020 06:08:52,Open
2408,6789,Which party will win the 2020 House race in Iowa's 2nd District?,https://www.predictit.org/markets/detail/6789/Which-party-will-win-the-2020-House-race-in-Iowa's-2nd-District,23208,Democratic,0.66,0.35,0.65,0.34,09/16/2020 06:12:28,Open
2409,6789,Which party will win the 2020 House race in Iowa's 2nd District?,https://www.predictit.org/markets/detail/6789/Which-party-will-win-the-2020-House-race-in-Iowa's-2nd-District,23208,Democratic,0.66,0.35,0.65,0.34,09/16/2020 06:16:08,Open
2410,6789,Which party will win the 2020 House race in Iowa's 2nd District?,https://www.predictit.org/markets/detail/6789/Which-party-will-win-the-2020-House-race-in-Iowa's-2nd-District,23208,Democratic,0.66,0.35,0.65,0.34,09/16/2020 06:19:45,Open
2411,6789,Which party will win the 2020 House race in Iowa's 2nd District?,https://www.predictit.org/markets/detail/6789/Which-party-will-win-the-2020-House-race-in-Iowa's-2nd-District,23208,Democratic,0.66,0.35,0.65,0.34,09/16/2020 06:23:21,Open
2412,6789,Which party will win the 2020 House race in Iowa's 2nd District?,https://www.predictit.org/markets/detail/6789/Which-party-will-win-the-2020-House-race-in-Iowa's-2nd-District,23208,Democratic,0.66,0.35,0.65,0.34,09/16/2020 06:27:01,Open
2413,6789,Which party will win the 2020 House race in Iowa's 2nd District?,https://www.predictit.org/markets/detail/6789/Which-party-will-win-the-2020-House-race-in-Iowa's-2nd-District,23208,Democratic,0.66,0.35,0.65,0.34,09/16/2020 06:30:37,Open
2414,6789,Which party will win the 2020 House race in Iowa's 2nd District?,https://www.predictit.org/markets/detail/6789/Which-party-will-win-the-2020-House-race-in-Iowa's-2nd-District,23208,Democratic,0.66,0.35,0.65,0.34,09/16/2020 06:34:10,Open
2415,6789,Which party will win the 2020 House race in Iowa's 2nd District?,https://www.predictit.org/markets/detail/6789/Which-party-will-win-the-2020-House-race-in-Iowa's-2nd-District,23208,Democratic,0.66,0.35,0.65,0.34,09/16/2020 06:37:49,Open
2416,6789,Which party will win the 2020 House race in Iowa's 2nd District?,https://www.predictit.org/markets/detail/6789/Which-party-will-win-the-2020-House-race-in-Iowa's-2nd-District,23208,Democratic,0.66,0.35,0.65,0.34,09/16/2020 06:41:28,Open
2417,6789,Which party will win the 2020 House race in Iowa's 2nd District?,https://www.predictit.org/markets/detail/6789/Which-party-will-win-the-2020-House-race-in-Iowa's-2nd-District,23208,Democratic,0.66,0.35,0.65,0.34,09/16/2020 06:45:05,Open
2418,6789,Which party will win the 2020 House race in Iowa's 2nd District?,https://www.predictit.org/markets/detail/6789/Which-party-will-win-the-2020-House-race-in-Iowa's-2nd-District,23208,Democratic,0.66,0.35,0.65,0.34,09/16/2020 06:48:49,Open
2419,6789,Which party will win the 2020 House race in Iowa's 2nd District?,https://www.predictit.org/markets/detail/6789/Which-party-will-win-the-2020-House-race-in-Iowa's-2nd-District,23208,Democratic,0.66,0.35,0.65,0.34,09/16/2020 06:52:31,Open
2420,6789,Which party will win the 2020 House race in Iowa's 2nd District?,https://www.predictit.org/markets/detail/6789/Which-party-will-win-the-2020-House-race-in-Iowa's-2nd-District,23208,Democratic,0.66,0.35,0.65,0.34,09/16/2020 06:56:09,Open
2421,6789,Which party will win the 2020 House race in Iowa's 2nd District?,https://www.predictit.org/markets/detail/6789/Which-party-will-win-the-2020-House-race-in-Iowa's-2nd-District,23208,Democratic,0.66,0.35,0.65,0.34,09/16/2020 06:59:53,Open
2422,6789,Which party will win the 2020 House race in Iowa's 2nd District?,https://www.predictit.org/markets/detail/6789/Which-party-will-win-the-2020-House-race-in-Iowa's-2nd-District,23208,Democratic,0.66,0.35,0.65,0.34,09/16/2020 07:03:31,Open
2423,6789,Which party will win the 2020 House race in Iowa's 2nd District?,https://www.predictit.org/markets/detail/6789/Which-party-will-win-the-2020-House-race-in-Iowa's-2nd-District,23208,Democratic,0.66,0.35,0.65,0.34,09/16/2020 07:07:10,Open
2424,6789,Which party will win the 2020 House race in Iowa's 2nd District?,https://www.predictit.org/markets/detail/6789/Which-party-will-win-the-2020-House-race-in-Iowa's-2nd-District,23208,Democratic,0.66,0.35,0.65,0.34,09/16/2020 07:10:48,Open
2425,6789,Which party will win the 2020 House race in Iowa's 2nd District?,https://www.predictit.org/markets/detail/6789/Which-party-will-win-the-2020-House-race-in-Iowa's-2nd-District,23208,Democratic,0.66,0.35,0.65,0.34,09/16/2020 07:14:28,Open
2426,6789,Which party will win the 2020 House race in Iowa's 2nd District?,https://www.predictit.org/markets/detail/6789/Which-party-will-win-the-2020-House-race-in-Iowa's-2nd-District,23208,Democratic,0.66,0.35,0.65,0.34,09/16/2020 07:18:09,Open
2427,6789,Which party will win the 2020 House race in Iowa's 2nd District?,https://www.predictit.org/markets/detail/6789/Which-party-will-win-the-2020-House-race-in-Iowa's-2nd-District,23208,Democratic,0.66,0.35,0.65,0.34,09/16/2020 07:21:47,Open
2428,6789,Which party will win the 2020 House race in Iowa's 2nd District?,https://www.predictit.org/markets/detail/6789/Which-party-will-win-the-2020-House-race-in-Iowa's-2nd-District,23208,Democratic,0.66,0.35,0.65,0.34,09/16/2020 07:25:29,Open
2429,6789,Which party will win the 2020 House race in Iowa's 2nd District?,https://www.predictit.org/markets/detail/6789/Which-party-will-win-the-2020-House-race-in-Iowa's-2nd-District,23208,Democratic,0.66,0.35,0.65,0.34,09/16/2020 07:29:08,Open
2430,6789,Which party will win the 2020 House race in Iowa's 2nd District?,https://www.predictit.org/markets/detail/6789/Which-party-will-win-the-2020-House-race-in-Iowa's-2nd-District,23208,Democratic,0.66,0.35,0.65,0.34,09/16/2020 07:32:49,Open
2431,6789,Which party will win the 2020 House race in Iowa's 2nd District?,https://www.predictit.org/markets/detail/6789/Which-party-will-win-the-2020-House-race-in-Iowa's-2nd-District,23208,Democratic,0.66,0.35,0.65,0.34,09/16/2020 07:36:28,Open
2432,6789,Which party will win the 2020 House race in Iowa's 2nd District?,https://www.predictit.org/markets/detail/6789/Which-party-will-win-the-2020-House-race-in-Iowa's-2nd-District,23208,Democratic,0.66,0.35,0.65,0.34,09/16/2020 07:40:06,Open
2433,6789,Which party will win the 2020 House race in Iowa's 2nd District?,https://www.predictit.org/markets/detail/6789/Which-party-will-win-the-2020-House-race-in-Iowa's-2nd-District,23208,Democratic,0.66,0.35,0.65,0.34,09/16/2020 07:43:43,Open
2434,6789,Which party will win the 2020 House race in Iowa's 2nd District?,https://www.predictit.org/markets/detail/6789/Which-party-will-win-the-2020-House-race-in-Iowa's-2nd-District,23208,Democratic,0.66,0.35,0.65,0.34,09/16/2020 07:47:20,Open
2435,6789,Which party will win the 2020 House race in Iowa's 2nd District?,https://www.predictit.org/markets/detail/6789/Which-party-will-win-the-2020-House-race-in-Iowa's-2nd-District,23208,Democratic,0.66,0.35,0.65,0.34,09/16/2020 07:50:58,Open
2436,6789,Which party will win the 2020 House race in Iowa's 2nd District?,https://www.predictit.org/markets/detail/6789/Which-party-will-win-the-2020-House-race-in-Iowa's-2nd-District,23208,Democratic,0.66,0.35,0.65,0.34,09/16/2020 07:54:33,Open
2437,6789,Which party will win the 2020 House race in Iowa's 2nd District?,https://www.predictit.org/markets/detail/6789/Which-party-will-win-the-2020-House-race-in-Iowa's-2nd-District,23208,Democratic,0.66,0.35,0.65,0.34,09/16/2020 07:58:14,Open
2438,6789,Which party will win the 2020 House race in Iowa's 2nd District?,https://www.predictit.org/markets/detail/6789/Which-party-will-win-the-2020-House-race-in-Iowa's-2nd-District,23208,Democratic,0.66,0.35,0.65,0.34,09/16/2020 08:01:50,Open
2439,6789,Which party will win the 2020 House race in Iowa's 2nd District?,https://www.predictit.org/markets/detail/6789/Which-party-will-win-the-2020-House-race-in-Iowa's-2nd-District,23208,Democratic,0.66,0.35,0.65,0.34,09/16/2020 08:05:27,Open
2440,6789,Which party will win the 2020 House race in Iowa's 2nd District?,https://www.predictit.org/markets/detail/6789/Which-party-will-win-the-2020-House-race-in-Iowa's-2nd-District,23208,Democratic,0.66,0.35,0.65,0.34,09/16/2020 08:09:06,Open
2441,6789,Which party will win the 2020 House race in Iowa's 2nd District?,https://www.predictit.org/markets/detail/6789/Which-party-will-win-the-2020-House-race-in-Iowa's-2nd-District,23208,Democratic,0.66,0.35,0.65,0.34,09/16/2020 08:12:45,Open
2442,6789,Which party will win the 2020 House race in Iowa's 2nd District?,https://www.predictit.org/markets/detail/6789/Which-party-will-win-the-2020-House-race-in-Iowa's-2nd-District,23208,Democratic,0.66,0.35,0.65,0.34,09/16/2020 08:16:22,Open
2443,6789,Which party will win the 2020 House race in Iowa's 2nd District?,https://www.predictit.org/markets/detail/6789/Which-party-will-win-the-2020-House-race-in-Iowa's-2nd-District,23208,Democratic,0.66,0.35,0.65,0.34,09/16/2020 08:20:04,Open
2444,6789,Which party will win the 2020 House race in Iowa's 2nd District?,https://www.predictit.org/markets/detail/6789/Which-party-will-win-the-2020-House-race-in-Iowa's-2nd-District,23208,Democratic,0.66,0.35,0.65,0.34,09/16/2020 08:23:41,Open
2445,6789,Which party will win the 2020 House race in Iowa's 2nd District?,https://www.predictit.org/markets/detail/6789/Which-party-will-win-the-2020-House-race-in-Iowa's-2nd-District,23208,Democratic,0.66,0.35,0.65,0.34,09/16/2020 08:27:21,Open
2446,6789,Which party will win the 2020 House race in Iowa's 2nd District?,https://www.predictit.org/markets/detail/6789/Which-party-will-win-the-2020-House-race-in-Iowa's-2nd-District,23208,Democratic,0.66,0.35,0.65,0.34,09/16/2020 08:31:02,Open
2447,6789,Which party will win the 2020 House race in Iowa's 2nd District?,https://www.predictit.org/markets/detail/6789/Which-party-will-win-the-2020-House-race-in-Iowa's-2nd-District,23208,Democratic,0.66,0.35,0.65,0.34,09/16/2020 08:34:40,Open
2448,6789,Which party will win the 2020 House race in Iowa's 2nd District?,https://www.predictit.org/markets/detail/6789/Which-party-will-win-the-2020-House-race-in-Iowa's-2nd-District,23208,Democratic,0.66,0.35,0.65,0.34,09/16/2020 08:38:22,Open
2449,6789,Which party will win the 2020 House race in Iowa's 2nd District?,https://www.predictit.org/markets/detail/6789/Which-party-will-win-the-2020-House-race-in-Iowa's-2nd-District,23208,Democratic,0.66,0.35,0.65,0.34,09/16/2020 08:42:02,Open
2450,6789,Which party will win the 2020 House race in Iowa's 2nd District?,https://www.predictit.org/markets/detail/6789/Which-party-will-win-the-2020-House-race-in-Iowa's-2nd-District,23208,Democratic,0.66,0.35,0.65,0.34,09/16/2020 08:45:41,Open
2451,6789,Which party will win the 2020 House race in Iowa's 2nd District?,https://www.predictit.org/markets/detail/6789/Which-party-will-win-the-2020-House-race-in-Iowa's-2nd-District,23208,Democratic,0.66,0.35,0.65,0.34,09/16/2020 08:49:24,Open
2452,6789,Which party will win the 2020 House race in Iowa's 2nd District?,https://www.predictit.org/markets/detail/6789/Which-party-will-win-the-2020-House-race-in-Iowa's-2nd-District,23208,Democratic,0.66,0.35,0.65,0.34,09/16/2020 08:53:03,Open
2453,6789,Which party will win the 2020 House race in Iowa's 2nd District?,https://www.predictit.org/markets/detail/6789/Which-party-will-win-the-2020-House-race-in-Iowa's-2nd-District,23208,Democratic,0.66,0.35,0.65,0.34,09/16/2020 08:56:44,Open
2454,6789,Which party will win the 2020 House race in Iowa's 2nd District?,https://www.predictit.org/markets/detail/6789/Which-party-will-win-the-2020-House-race-in-Iowa's-2nd-District,23208,Democratic,0.66,0.35,0.65,0.34,09/16/2020 09:00:26,Open
2455,6789,Which party will win the 2020 House race in Iowa's 2nd District?,https://www.predictit.org/markets/detail/6789/Which-party-will-win-the-2020-House-race-in-Iowa's-2nd-District,23208,Democratic,0.66,0.35,0.65,0.34,09/16/2020 09:04:06,Open
2456,6789,Which party will win the 2020 House race in Iowa's 2nd District?,https://www.predictit.org/markets/detail/6789/Which-party-will-win-the-2020-House-race-in-Iowa's-2nd-District,23208,Democratic,0.66,0.35,0.65,0.34,09/16/2020 09:07:44,Open
2457,6789,Which party will win the 2020 House race in Iowa's 2nd District?,https://www.predictit.org/markets/detail/6789/Which-party-will-win-the-2020-House-race-in-Iowa's-2nd-District,23208,Democratic,0.66,0.35,0.65,0.34,09/16/2020 09:11:21,Open
2458,6789,Which party will win the 2020 House race in Iowa's 2nd District?,https://www.predictit.org/markets/detail/6789/Which-party-will-win-the-2020-House-race-in-Iowa's-2nd-District,23208,Democratic,0.66,0.35,0.65,0.34,09/16/2020 09:14:57,Open
2459,6789,Which party will win the 2020 House race in Iowa's 2nd District?,https://www.predictit.org/markets/detail/6789/Which-party-will-win-the-2020-House-race-in-Iowa's-2nd-District,23208,Democratic,0.66,0.35,0.65,0.34,09/16/2020 09:18:36,Open
2460,6789,Which party will win the 2020 House race in Iowa's 2nd District?,https://www.predictit.org/markets/detail/6789/Which-party-will-win-the-2020-House-race-in-Iowa's-2nd-District,23208,Democratic,0.66,0.35,0.65,0.34,09/16/2020 09:22:10,Open
2461,6789,Which party will win the 2020 House race in Iowa's 2nd District?,https://www.predictit.org/markets/detail/6789/Which-party-will-win-the-2020-House-race-in-Iowa's-2nd-District,23208,Democratic,0.66,0.35,0.65,0.34,09/16/2020 09:25:47,Open
2462,6789,Which party will win the 2020 House race in Iowa's 2nd District?,https://www.predictit.org/markets/detail/6789/Which-party-will-win-the-2020-House-race-in-Iowa's-2nd-District,23208,Democratic,0.66,0.35,0.65,0.34,09/16/2020 09:29:28,Open
2463,6789,Which party will win the 2020 House race in Iowa's 2nd District?,https://www.predictit.org/markets/detail/6789/Which-party-will-win-the-2020-House-race-in-Iowa's-2nd-District,23208,Democratic,0.66,0.35,0.65,0.34,09/16/2020 09:33:05,Open
2464,6789,Which party will win the 2020 House race in Iowa's 2nd District?,https://www.predictit.org/markets/detail/6789/Which-party-will-win-the-2020-House-race-in-Iowa's-2nd-District,23208,Democratic,0.66,0.35,0.65,0.34,09/16/2020 09:36:42,Open
2465,6789,Which party will win the 2020 House race in Iowa's 2nd District?,https://www.predictit.org/markets/detail/6789/Which-party-will-win-the-2020-House-race-in-Iowa's-2nd-District,23208,Democratic,0.66,0.35,0.65,0.34,09/16/2020 09:40:23,Open
2466,6789,Which party will win the 2020 House race in Iowa's 2nd District?,https://www.predictit.org/markets/detail/6789/Which-party-will-win-the-2020-House-race-in-Iowa's-2nd-District,23208,Democratic,0.66,0.35,0.65,0.34,09/16/2020 09:44:02,Open
2467,6789,Which party will win the 2020 House race in Iowa's 2nd District?,https://www.predictit.org/markets/detail/6789/Which-party-will-win-the-2020-House-race-in-Iowa's-2nd-District,23208,Democratic,0.66,0.35,0.65,0.34,09/16/2020 09:47:47,Open
2468,6789,Which party will win the 2020 House race in Iowa's 2nd District?,https://www.predictit.org/markets/detail/6789/Which-party-will-win-the-2020-House-race-in-Iowa's-2nd-District,23208,Democratic,0.66,0.35,0.65,0.34,09/16/2020 09:51:26,Open
2469,6789,Which party will win the 2020 House race in Iowa's 2nd District?,https://www.predictit.org/markets/detail/6789/Which-party-will-win-the-2020-House-race-in-Iowa's-2nd-District,23208,Democratic,0.66,0.35,0.65,0.34,09/16/2020 09:55:05,Open
2470,6789,Which party will win the 2020 House race in Iowa's 2nd District?,https://www.predictit.org/markets/detail/6789/Which-party-will-win-the-2020-House-race-in-Iowa's-2nd-District,23208,Democratic,0.66,0.35,0.65,0.34,09/16/2020 09:58:44,Open
2471,6789,Which party will win the 2020 House race in Iowa's 2nd District?,https://www.predictit.org/markets/detail/6789/Which-party-will-win-the-2020-House-race-in-Iowa's-2nd-District,23208,Democratic,0.66,0.35,0.65,0.34,09/16/2020 10:02:24,Open
2472,6789,Which party will win the 2020 House race in Iowa's 2nd District?,https://www.predictit.org/markets/detail/6789/Which-party-will-win-the-2020-House-race-in-Iowa's-2nd-District,23208,Democratic,0.66,0.35,0.65,0.34,09/16/2020 10:06:03,Open
2473,6789,Which party will win the 2020 House race in Iowa's 2nd District?,https://www.predictit.org/markets/detail/6789/Which-party-will-win-the-2020-House-race-in-Iowa's-2nd-District,23208,Democratic,0.66,0.35,0.65,0.34,09/16/2020 10:09:43,Open
2474,6789,Which party will win the 2020 House race in Iowa's 2nd District?,https://www.predictit.org/markets/detail/6789/Which-party-will-win-the-2020-House-race-in-Iowa's-2nd-District,23208,Democratic,0.66,0.35,0.65,0.34,09/16/2020 10:13:21,Open
2475,6789,Which party will win the 2020 House race in Iowa's 2nd District?,https://www.predictit.org/markets/detail/6789/Which-party-will-win-the-2020-House-race-in-Iowa's-2nd-District,23208,Democratic,0.66,0.35,0.65,0.34,09/16/2020 10:16:58,Open
2476,6789,Which party will win the 2020 House race in Iowa's 2nd District?,https://www.predictit.org/markets/detail/6789/Which-party-will-win-the-2020-House-race-in-Iowa's-2nd-District,23208,Democratic,0.66,0.35,0.65,0.34,09/16/2020 10:20:36,Open
2477,6789,Which party will win the 2020 House race in Iowa's 2nd District?,https://www.predictit.org/markets/detail/6789/Which-party-will-win-the-2020-House-race-in-Iowa's-2nd-District,23208,Democratic,0.66,0.35,0.65,0.34,09/16/2020 10:24:16,Open
2478,6789,Which party will win the 2020 House race in Iowa's 2nd District?,https://www.predictit.org/markets/detail/6789/Which-party-will-win-the-2020-House-race-in-Iowa's-2nd-District,23208,Democratic,0.66,0.35,0.65,0.34,09/16/2020 10:27:55,Open
2479,6789,Which party will win the 2020 House race in Iowa's 2nd District?,https://www.predictit.org/markets/detail/6789/Which-party-will-win-the-2020-House-race-in-Iowa's-2nd-District,23208,Democratic,0.66,0.35,0.65,0.34,09/16/2020 10:31:39,Open
2480,6789,Which party will win the 2020 House race in Iowa's 2nd District?,https://www.predictit.org/markets/detail/6789/Which-party-will-win-the-2020-House-race-in-Iowa's-2nd-District,23208,Democratic,0.66,0.35,0.65,0.34,09/16/2020 10:35:20,Open
2481,6789,Which party will win the 2020 House race in Iowa's 2nd District?,https://www.predictit.org/markets/detail/6789/Which-party-will-win-the-2020-House-race-in-Iowa's-2nd-District,23208,Democratic,0.66,0.35,0.65,0.34,09/16/2020 10:39:03,Open
2482,6789,Which party will win the 2020 House race in Iowa's 2nd District?,https://www.predictit.org/markets/detail/6789/Which-party-will-win-the-2020-House-race-in-Iowa's-2nd-District,23208,Democratic,0.66,0.35,0.65,0.34,09/16/2020 10:42:46,Open
2483,6789,Which party will win the 2020 House race in Iowa's 2nd District?,https://www.predictit.org/markets/detail/6789/Which-party-will-win-the-2020-House-race-in-Iowa's-2nd-District,23208,Democratic,0.66,0.35,0.65,0.34,09/16/2020 10:46:28,Open
2484,6789,Which party will win the 2020 House race in Iowa's 2nd District?,https://www.predictit.org/markets/detail/6789/Which-party-will-win-the-2020-House-race-in-Iowa's-2nd-District,23208,Democratic,0.66,0.35,0.65,0.34,09/16/2020 10:50:11,Open
2485,6789,Which party will win the 2020 House race in Iowa's 2nd District?,https://www.predictit.org/markets/detail/6789/Which-party-will-win-the-2020-House-race-in-Iowa's-2nd-District,23208,Democratic,0.66,0.35,0.65,0.34,09/16/2020 10:53:51,Open
2486,6789,Which party will win the 2020 House race in Iowa's 2nd District?,https://www.predictit.org/markets/detail/6789/Which-party-will-win-the-2020-House-race-in-Iowa's-2nd-District,23208,Democratic,0.66,0.35,0.65,0.34,09/16/2020 10:57:29,Open
2487,6789,Which party will win the 2020 House race in Iowa's 2nd District?,https://www.predictit.org/markets/detail/6789/Which-party-will-win-the-2020-House-race-in-Iowa's-2nd-District,23208,Democratic,0.66,0.35,0.65,0.34,09/16/2020 11:01:12,Open
2488,6789,Which party will win the 2020 House race in Iowa's 2nd District?,https://www.predictit.org/markets/detail/6789/Which-party-will-win-the-2020-House-race-in-Iowa's-2nd-District,23208,Democratic,0.66,0.35,0.65,0.34,09/16/2020 11:04:49,Open
2489,6789,Which party will win the 2020 House race in Iowa's 2nd District?,https://www.predictit.org/markets/detail/6789/Which-party-will-win-the-2020-House-race-in-Iowa's-2nd-District,23208,Democratic,0.66,0.35,0.65,0.34,09/16/2020 11:08:29,Open
2490,6789,Which party will win the 2020 House race in Iowa's 2nd District?,https://www.predictit.org/markets/detail/6789/Which-party-will-win-the-2020-House-race-in-Iowa's-2nd-District,23208,Democratic,0.66,0.35,0.65,0.34,09/16/2020 11:12:09,Open
2491,6789,Which party will win the 2020 House race in Iowa's 2nd District?,https://www.predictit.org/markets/detail/6789/Which-party-will-win-the-2020-House-race-in-Iowa's-2nd-District,23208,Democratic,0.66,0.35,0.65,0.34,09/16/2020 11:15:51,Open
2492,6789,Which party will win the 2020 House race in Iowa's 2nd District?,https://www.predictit.org/markets/detail/6789/Which-party-will-win-the-2020-House-race-in-Iowa's-2nd-District,23208,Democratic,0.66,0.35,0.65,0.34,09/16/2020 11:19:32,Open
2493,6789,Which party will win the 2020 House race in Iowa's 2nd District?,https://www.predictit.org/markets/detail/6789/Which-party-will-win-the-2020-House-race-in-Iowa's-2nd-District,23208,Democratic,0.66,0.35,0.65,0.34,09/16/2020 11:23:14,Open
2494,6789,Which party will win the 2020 House race in Iowa's 2nd District?,https://www.predictit.org/markets/detail/6789/Which-party-will-win-the-2020-House-race-in-Iowa's-2nd-District,23208,Democratic,0.66,0.35,0.65,0.34,09/16/2020 11:26:51,Open
2495,6789,Which party will win the 2020 House race in Iowa's 2nd District?,https://www.predictit.org/markets/detail/6789/Which-party-will-win-the-2020-House-race-in-Iowa's-2nd-District,23208,Democratic,0.66,0.35,0.65,0.34,09/16/2020 11:30:32,Open
2496,6789,Which party will win the 2020 House race in Iowa's 2nd District?,https://www.predictit.org/markets/detail/6789/Which-party-will-win-the-2020-House-race-in-Iowa's-2nd-District,23208,Democratic,0.66,0.35,0.65,0.34,09/16/2020 11:34:16,Open
2497,6789,Which party will win the 2020 House race in Iowa's 2nd District?,https://www.predictit.org/markets/detail/6789/Which-party-will-win-the-2020-House-race-in-Iowa's-2nd-District,23208,Democratic,0.66,0.35,0.65,0.34,09/16/2020 11:37:53,Open
2498,6789,Which party will win the 2020 House race in Iowa's 2nd District?,https://www.predictit.org/markets/detail/6789/Which-party-will-win-the-2020-House-race-in-Iowa's-2nd-District,23208,Democratic,0.66,0.35,0.65,0.34,09/16/2020 11:41:36,Open
2499,6789,Which party will win the 2020 House race in Iowa's 2nd District?,https://www.predictit.org/markets/detail/6789/Which-party-will-win-the-2020-House-race-in-Iowa's-2nd-District,23208,Democratic,0.66,0.35,0.65,0.34,09/16/2020 11:45:17,Open
2500,6789,Which party will win the 2020 House race in Iowa's 2nd District?,https://www.predictit.org/markets/detail/6789/Which-party-will-win-the-2020-House-race-in-Iowa's-2nd-District,23208,Democratic,0.66,0.35,0.65,0.34,09/16/2020 11:48:58,Open
2501,6789,Which party will win the 2020 House race in Iowa's 2nd District?,https://www.predictit.org/markets/detail/6789/Which-party-will-win-the-2020-House-race-in-Iowa's-2nd-District,23208,Democratic,0.66,0.35,0.65,0.34,09/16/2020 11:52:42,Open
2502,6789,Which party will win the 2020 House race in Iowa's 2nd District?,https://www.predictit.org/markets/detail/6789/Which-party-will-win-the-2020-House-race-in-Iowa's-2nd-District,23208,Democratic,0.66,0.35,0.65,0.34,09/16/2020 11:56:23,Open
2503,6789,Which party will win the 2020 House race in Iowa's 2nd District?,https://www.predictit.org/markets/detail/6789/Which-party-will-win-the-2020-House-race-in-Iowa's-2nd-District,23208,Democratic,0.66,0.35,0.65,0.34,09/16/2020 12:00:04,Open
2504,6789,Which party will win the 2020 House race in Iowa's 2nd District?,https://www.predictit.org/markets/detail/6789/Which-party-will-win-the-2020-House-race-in-Iowa's-2nd-District,23208,Democratic,0.66,0.35,0.65,0.34,09/16/2020 12:03:44,Open
2505,6789,Which party will win the 2020 House race in Iowa's 2nd District?,https://www.predictit.org/markets/detail/6789/Which-party-will-win-the-2020-House-race-in-Iowa's-2nd-District,23208,Democratic,0.66,0.35,0.65,0.34,09/16/2020 12:07:26,Open
2506,6789,Which party will win the 2020 House race in Iowa's 2nd District?,https://www.predictit.org/markets/detail/6789/Which-party-will-win-the-2020-House-race-in-Iowa's-2nd-District,23208,Democratic,0.66,0.35,0.65,0.34,09/16/2020 12:11:07,Open
2507,6789,Which party will win the 2020 House race in Iowa's 2nd District?,https://www.predictit.org/markets/detail/6789/Which-party-will-win-the-2020-House-race-in-Iowa's-2nd-District,23208,Democratic,0.66,0.35,0.65,0.34,09/16/2020 12:14:50,Open
2508,6789,Which party will win the 2020 House race in Iowa's 2nd District?,https://www.predictit.org/markets/detail/6789/Which-party-will-win-the-2020-House-race-in-Iowa's-2nd-District,23208,Democratic,0.66,0.35,0.65,0.34,09/16/2020 12:18:32,Open
2509,6789,Which party will win the 2020 House race in Iowa's 2nd District?,https://www.predictit.org/markets/detail/6789/Which-party-will-win-the-2020-House-race-in-Iowa's-2nd-District,23208,Democratic,0.66,0.35,0.65,0.34,09/16/2020 12:22:18,Open
2510,6789,Which party will win the 2020 House race in Iowa's 2nd District?,https://www.predictit.org/markets/detail/6789/Which-party-will-win-the-2020-House-race-in-Iowa's-2nd-District,23208,Democratic,0.66,0.35,0.65,0.34,09/16/2020 12:26:02,Open
2511,6789,Which party will win the 2020 House race in Iowa's 2nd District?,https://www.predictit.org/markets/detail/6789/Which-party-will-win-the-2020-House-race-in-Iowa's-2nd-District,23208,Democratic,0.66,0.35,0.65,0.34,09/16/2020 12:29:47,Open
2512,6789,Which party will win the 2020 House race in Iowa's 2nd District?,https://www.predictit.org/markets/detail/6789/Which-party-will-win-the-2020-House-race-in-Iowa's-2nd-District,23208,Democratic,0.66,0.35,0.65,0.34,09/16/2020 12:33:32,Open
2513,6789,Which party will win the 2020 House race in Iowa's 2nd District?,https://www.predictit.org/markets/detail/6789/Which-party-will-win-the-2020-House-race-in-Iowa's-2nd-District,23208,Democratic,0.66,0.35,0.65,0.34,09/16/2020 12:37:15,Open
2514,6789,Which party will win the 2020 House race in Iowa's 2nd District?,https://www.predictit.org/markets/detail/6789/Which-party-will-win-the-2020-House-race-in-Iowa's-2nd-District,23208,Democratic,0.66,0.35,0.65,0.34,09/16/2020 12:41:03,Open
2515,6789,Which party will win the 2020 House race in Iowa's 2nd District?,https://www.predictit.org/markets/detail/6789/Which-party-will-win-the-2020-House-race-in-Iowa's-2nd-District,23208,Democratic,0.66,0.35,0.65,0.34,09/16/2020 12:44:47,Open
2516,6789,Which party will win the 2020 House race in Iowa's 2nd District?,https://www.predictit.org/markets/detail/6789/Which-party-will-win-the-2020-House-race-in-Iowa's-2nd-District,23208,Democratic,0.66,0.35,0.65,0.34,09/16/2020 12:48:28,Open
2517,6789,Which party will win the 2020 House race in Iowa's 2nd District?,https://www.predictit.org/markets/detail/6789/Which-party-will-win-the-2020-House-race-in-Iowa's-2nd-District,23208,Democratic,0.66,0.35,0.65,0.34,09/16/2020 12:52:13,Open
2518,6789,Which party will win the 2020 House race in Iowa's 2nd District?,https://www.predictit.org/markets/detail/6789/Which-party-will-win-the-2020-House-race-in-Iowa's-2nd-District,23208,Democratic,0.66,0.35,0.65,0.34,09/16/2020 12:55:54,Open
2519,6789,Which party will win the 2020 House race in Iowa's 2nd District?,https://www.predictit.org/markets/detail/6789/Which-party-will-win-the-2020-House-race-in-Iowa's-2nd-District,23208,Democratic,0.66,0.35,0.65,0.34,09/16/2020 12:59:36,Open
2520,6789,Which party will win the 2020 House race in Iowa's 2nd District?,https://www.predictit.org/markets/detail/6789/Which-party-will-win-the-2020-House-race-in-Iowa's-2nd-District,23208,Democratic,0.66,0.35,0.65,0.34,09/16/2020 13:03:22,Open
2521,6789,Which party will win the 2020 House race in Iowa's 2nd District?,https://www.predictit.org/markets/detail/6789/Which-party-will-win-the-2020-House-race-in-Iowa's-2nd-District,23208,Democratic,0.66,0.35,0.65,0.34,09/16/2020 13:07:07,Open
2522,6789,Which party will win the 2020 House race in Iowa's 2nd District?,https://www.predictit.org/markets/detail/6789/Which-party-will-win-the-2020-House-race-in-Iowa's-2nd-District,23208,Democratic,0.66,0.35,0.65,0.34,09/16/2020 13:10:51,Open
2523,6789,Which party will win the 2020 House race in Iowa's 2nd District?,https://www.predictit.org/markets/detail/6789/Which-party-will-win-the-2020-House-race-in-Iowa's-2nd-District,23208,Democratic,0.66,0.35,0.65,0.34,09/16/2020 13:14:38,Open
2524,6789,Which party will win the 2020 House race in Iowa's 2nd District?,https://www.predictit.org/markets/detail/6789/Which-party-will-win-the-2020-House-race-in-Iowa's-2nd-District,23208,Democratic,0.66,0.36,0.64,0.34,09/16/2020 13:18:24,Open
2525,6789,Which party will win the 2020 House race in Iowa's 2nd District?,https://www.predictit.org/markets/detail/6789/Which-party-will-win-the-2020-House-race-in-Iowa's-2nd-District,23208,Democratic,0.66,0.36,0.64,0.34,09/16/2020 13:22:12,Open
2526,6789,Which party will win the 2020 House race in Iowa's 2nd District?,https://www.predictit.org/markets/detail/6789/Which-party-will-win-the-2020-House-race-in-Iowa's-2nd-District,23208,Democratic,0.66,0.36,0.64,0.34,09/16/2020 13:25:58,Open
2527,6789,Which party will win the 2020 House race in Iowa's 2nd District?,https://www.predictit.org/markets/detail/6789/Which-party-will-win-the-2020-House-race-in-Iowa's-2nd-District,23208,Democratic,0.66,0.36,0.64,0.34,09/16/2020 13:29:43,Open
2528,6789,Which party will win the 2020 House race in Iowa's 2nd District?,https://www.predictit.org/markets/detail/6789/Which-party-will-win-the-2020-House-race-in-Iowa's-2nd-District,23208,Democratic,0.66,0.36,0.64,0.34,09/16/2020 13:33:27,Open
2529,6789,Which party will win the 2020 House race in Iowa's 2nd District?,https://www.predictit.org/markets/detail/6789/Which-party-will-win-the-2020-House-race-in-Iowa's-2nd-District,23208,Democratic,0.66,0.36,0.64,0.34,09/16/2020 13:37:10,Open
2530,6789,Which party will win the 2020 House race in Iowa's 2nd District?,https://www.predictit.org/markets/detail/6789/Which-party-will-win-the-2020-House-race-in-Iowa's-2nd-District,23208,Democratic,0.65,0.36,0.64,0.35,09/16/2020 13:40:52,Open
2531,6789,Which party will win the 2020 House race in Iowa's 2nd District?,https://www.predictit.org/markets/detail/6789/Which-party-will-win-the-2020-House-race-in-Iowa's-2nd-District,23208,Democratic,0.65,0.36,0.64,0.35,09/16/2020 13:44:36,Open
2532,6789,Which party will win the 2020 House race in Iowa's 2nd District?,https://www.predictit.org/markets/detail/6789/Which-party-will-win-the-2020-House-race-in-Iowa's-2nd-District,23208,Democratic,0.65,0.36,0.64,0.35,09/16/2020 13:48:18,Open
2533,6789,Which party will win the 2020 House race in Iowa's 2nd District?,https://www.predictit.org/markets/detail/6789/Which-party-will-win-the-2020-House-race-in-Iowa's-2nd-District,23208,Democratic,0.65,0.36,0.64,0.35,09/16/2020 13:52:01,Open
2534,6789,Which party will win the 2020 House race in Iowa's 2nd District?,https://www.predictit.org/markets/detail/6789/Which-party-will-win-the-2020-House-race-in-Iowa's-2nd-District,23208,Democratic,0.65,0.36,0.64,0.35,09/16/2020 13:55:48,Open
2535,6789,Which party will win the 2020 House race in Iowa's 2nd District?,https://www.predictit.org/markets/detail/6789/Which-party-will-win-the-2020-House-race-in-Iowa's-2nd-District,23208,Democratic,0.65,0.36,0.64,0.35,09/16/2020 13:59:31,Open
2536,6789,Which party will win the 2020 House race in Iowa's 2nd District?,https://www.predictit.org/markets/detail/6789/Which-party-will-win-the-2020-House-race-in-Iowa's-2nd-District,23208,Democratic,0.65,0.36,0.64,0.35,09/16/2020 14:03:15,Open
2537,6789,Which party will win the 2020 House race in Iowa's 2nd District?,https://www.predictit.org/markets/detail/6789/Which-party-will-win-the-2020-House-race-in-Iowa's-2nd-District,23208,Democratic,0.65,0.36,0.64,0.35,09/16/2020 14:06:58,Open
2538,6789,Which party will win the 2020 House race in Iowa's 2nd District?,https://www.predictit.org/markets/detail/6789/Which-party-will-win-the-2020-House-race-in-Iowa's-2nd-District,23208,Democratic,0.65,0.36,0.64,0.35,09/16/2020 14:10:41,Open
2539,6789,Which party will win the 2020 House race in Iowa's 2nd District?,https://www.predictit.org/markets/detail/6789/Which-party-will-win-the-2020-House-race-in-Iowa's-2nd-District,23208,Democratic,0.65,0.36,0.64,0.35,09/16/2020 14:14:24,Open
2540,6789,Which party will win the 2020 House race in Iowa's 2nd District?,https://www.predictit.org/markets/detail/6789/Which-party-will-win-the-2020-House-race-in-Iowa's-2nd-District,23208,Democratic,0.65,0.36,0.64,0.35,09/16/2020 14:18:09,Open
2541,6789,Which party will win the 2020 House race in Iowa's 2nd District?,https://www.predictit.org/markets/detail/6789/Which-party-will-win-the-2020-House-race-in-Iowa's-2nd-District,23208,Democratic,0.65,0.36,0.64,0.35,09/16/2020 14:21:55,Open
2542,6789,Which party will win the 2020 House race in Iowa's 2nd District?,https://www.predictit.org/markets/detail/6789/Which-party-will-win-the-2020-House-race-in-Iowa's-2nd-District,23208,Democratic,0.65,0.36,0.64,0.35,09/16/2020 14:25:39,Open
2543,6789,Which party will win the 2020 House race in Iowa's 2nd District?,https://www.predictit.org/markets/detail/6789/Which-party-will-win-the-2020-House-race-in-Iowa's-2nd-District,23208,Democratic,0.65,0.36,0.64,0.35,09/16/2020 14:29:27,Open
2544,6789,Which party will win the 2020 House race in Iowa's 2nd District?,https://www.predictit.org/markets/detail/6789/Which-party-will-win-the-2020-House-race-in-Iowa's-2nd-District,23208,Democratic,0.65,0.36,0.64,0.35,09/16/2020 14:33:11,Open
2545,6789,Which party will win the 2020 House race in Iowa's 2nd District?,https://www.predictit.org/markets/detail/6789/Which-party-will-win-the-2020-House-race-in-Iowa's-2nd-District,23208,Democratic,0.65,0.36,0.64,0.35,09/16/2020 14:36:59,Open
2546,6789,Which party will win the 2020 House race in Iowa's 2nd District?,https://www.predictit.org/markets/detail/6789/Which-party-will-win-the-2020-House-race-in-Iowa's-2nd-District,23208,Democratic,0.65,0.36,0.64,0.35,09/16/2020 14:40:44,Open
2547,6789,Which party will win the 2020 House race in Iowa's 2nd District?,https://www.predictit.org/markets/detail/6789/Which-party-will-win-the-2020-House-race-in-Iowa's-2nd-District,23208,Democratic,0.65,0.36,0.64,0.35,09/16/2020 14:44:29,Open
2548,6789,Which party will win the 2020 House race in Iowa's 2nd District?,https://www.predictit.org/markets/detail/6789/Which-party-will-win-the-2020-House-race-in-Iowa's-2nd-District,23208,Democratic,0.65,0.36,0.64,0.35,09/16/2020 14:48:15,Open
2549,6789,Which party will win the 2020 House race in Iowa's 2nd District?,https://www.predictit.org/markets/detail/6789/Which-party-will-win-the-2020-House-race-in-Iowa's-2nd-District,23208,Democratic,0.65,0.36,0.64,0.35,09/16/2020 14:52:01,Open
2550,6789,Which party will win the 2020 House race in Iowa's 2nd District?,https://www.predictit.org/markets/detail/6789/Which-party-will-win-the-2020-House-race-in-Iowa's-2nd-District,23208,Democratic,0.65,0.36,0.64,0.35,09/16/2020 14:55:50,Open
2551,6789,Which party will win the 2020 House race in Iowa's 2nd District?,https://www.predictit.org/markets/detail/6789/Which-party-will-win-the-2020-House-race-in-Iowa's-2nd-District,23208,Democratic,0.65,0.36,0.64,0.35,09/16/2020 14:59:36,Open
2552,6789,Which party will win the 2020 House race in Iowa's 2nd District?,https://www.predictit.org/markets/detail/6789/Which-party-will-win-the-2020-House-race-in-Iowa's-2nd-District,23208,Democratic,0.65,0.36,0.64,0.35,09/16/2020 15:03:19,Open
2553,6789,Which party will win the 2020 House race in Iowa's 2nd District?,https://www.predictit.org/markets/detail/6789/Which-party-will-win-the-2020-House-race-in-Iowa's-2nd-District,23208,Democratic,0.65,0.36,0.64,0.35,09/16/2020 15:07:02,Open
2554,6789,Which party will win the 2020 House race in Iowa's 2nd District?,https://www.predictit.org/markets/detail/6789/Which-party-will-win-the-2020-House-race-in-Iowa's-2nd-District,23208,Democratic,0.65,0.36,0.64,0.35,09/16/2020 15:10:47,Open
2555,6789,Which party will win the 2020 House race in Iowa's 2nd District?,https://www.predictit.org/markets/detail/6789/Which-party-will-win-the-2020-House-race-in-Iowa's-2nd-District,23208,Democratic,0.65,0.36,0.64,0.35,09/16/2020 15:14:34,Open
2556,6789,Which party will win the 2020 House race in Iowa's 2nd District?,https://www.predictit.org/markets/detail/6789/Which-party-will-win-the-2020-House-race-in-Iowa's-2nd-District,23208,Democratic,0.65,0.36,0.64,0.35,09/16/2020 15:18:24,Open
2557,6789,Which party will win the 2020 House race in Iowa's 2nd District?,https://www.predictit.org/markets/detail/6789/Which-party-will-win-the-2020-House-race-in-Iowa's-2nd-District,23208,Democratic,0.65,0.36,0.64,0.35,09/16/2020 15:22:07,Open
2558,6789,Which party will win the 2020 House race in Iowa's 2nd District?,https://www.predictit.org/markets/detail/6789/Which-party-will-win-the-2020-House-race-in-Iowa's-2nd-District,23208,Democratic,0.65,0.36,0.64,0.35,09/16/2020 15:25:52,Open
2559,6789,Which party will win the 2020 House race in Iowa's 2nd District?,https://www.predictit.org/markets/detail/6789/Which-party-will-win-the-2020-House-race-in-Iowa's-2nd-District,23208,Democratic,0.65,0.36,0.64,0.35,09/16/2020 15:29:36,Open
2560,6789,Which party will win the 2020 House race in Iowa's 2nd District?,https://www.predictit.org/markets/detail/6789/Which-party-will-win-the-2020-House-race-in-Iowa's-2nd-District,23208,Democratic,0.65,0.36,0.64,0.35,09/16/2020 15:33:22,Open
2561,6789,Which party will win the 2020 House race in Iowa's 2nd District?,https://www.predictit.org/markets/detail/6789/Which-party-will-win-the-2020-House-race-in-Iowa's-2nd-District,23208,Democratic,0.65,0.36,0.64,0.35,09/16/2020 15:37:06,Open
2562,6789,Which party will win the 2020 House race in Iowa's 2nd District?,https://www.predictit.org/markets/detail/6789/Which-party-will-win-the-2020-House-race-in-Iowa's-2nd-District,23208,Democratic,0.65,0.36,0.64,0.35,09/16/2020 15:40:49,Open
2563,6789,Which party will win the 2020 House race in Iowa's 2nd District?,https://www.predictit.org/markets/detail/6789/Which-party-will-win-the-2020-House-race-in-Iowa's-2nd-District,23208,Democratic,0.65,0.36,0.64,0.35,09/16/2020 15:44:30,Open
2564,6789,Which party will win the 2020 House race in Iowa's 2nd District?,https://www.predictit.org/markets/detail/6789/Which-party-will-win-the-2020-House-race-in-Iowa's-2nd-District,23208,Democratic,0.65,0.36,0.64,0.35,09/16/2020 15:48:15,Open
2565,6789,Which party will win the 2020 House race in Iowa's 2nd District?,https://www.predictit.org/markets/detail/6789/Which-party-will-win-the-2020-House-race-in-Iowa's-2nd-District,23208,Democratic,0.65,0.36,0.64,0.35,09/16/2020 15:51:56,Open
2566,6789,Which party will win the 2020 House race in Iowa's 2nd District?,https://www.predictit.org/markets/detail/6789/Which-party-will-win-the-2020-House-race-in-Iowa's-2nd-District,23208,Democratic,0.65,0.36,0.64,0.35,09/16/2020 15:55:41,Open
2567,6789,Which party will win the 2020 House race in Iowa's 2nd District?,https://www.predictit.org/markets/detail/6789/Which-party-will-win-the-2020-House-race-in-Iowa's-2nd-District,23208,Democratic,0.65,0.36,0.64,0.35,09/16/2020 15:59:26,Open
2568,6789,Which party will win the 2020 House race in Iowa's 2nd District?,https://www.predictit.org/markets/detail/6789/Which-party-will-win-the-2020-House-race-in-Iowa's-2nd-District,23208,Democratic,0.65,0.36,0.64,0.35,09/16/2020 16:03:13,Open
2569,6789,Which party will win the 2020 House race in Iowa's 2nd District?,https://www.predictit.org/markets/detail/6789/Which-party-will-win-the-2020-House-race-in-Iowa's-2nd-District,23208,Democratic,0.65,0.36,0.64,0.35,09/16/2020 16:07:01,Open
2570,6789,Which party will win the 2020 House race in Iowa's 2nd District?,https://www.predictit.org/markets/detail/6789/Which-party-will-win-the-2020-House-race-in-Iowa's-2nd-District,23208,Democratic,0.65,0.36,0.64,0.35,09/16/2020 16:10:47,Open
2571,6789,Which party will win the 2020 House race in Iowa's 2nd District?,https://www.predictit.org/markets/detail/6789/Which-party-will-win-the-2020-House-race-in-Iowa's-2nd-District,23208,Democratic,0.65,0.36,0.64,0.35,09/16/2020 16:14:34,Open
2572,6789,Which party will win the 2020 House race in Iowa's 2nd District?,https://www.predictit.org/markets/detail/6789/Which-party-will-win-the-2020-House-race-in-Iowa's-2nd-District,23208,Democratic,0.65,0.36,0.64,0.35,09/16/2020 16:18:25,Open
2573,6789,Which party will win the 2020 House race in Iowa's 2nd District?,https://www.predictit.org/markets/detail/6789/Which-party-will-win-the-2020-House-race-in-Iowa's-2nd-District,23208,Democratic,0.65,0.36,0.64,0.35,09/16/2020 16:22:12,Open
2574,6789,Which party will win the 2020 House race in Iowa's 2nd District?,https://www.predictit.org/markets/detail/6789/Which-party-will-win-the-2020-House-race-in-Iowa's-2nd-District,23208,Democratic,0.65,0.36,0.64,0.35,09/16/2020 16:26:02,Open
2575,6789,Which party will win the 2020 House race in Iowa's 2nd District?,https://www.predictit.org/markets/detail/6789/Which-party-will-win-the-2020-House-race-in-Iowa's-2nd-District,23208,Democratic,0.65,0.36,0.64,0.35,09/16/2020 16:29:47,Open
2576,6789,Which party will win the 2020 House race in Iowa's 2nd District?,https://www.predictit.org/markets/detail/6789/Which-party-will-win-the-2020-House-race-in-Iowa's-2nd-District,23208,Democratic,0.65,0.36,0.64,0.35,09/16/2020 16:33:36,Open
2577,6789,Which party will win the 2020 House race in Iowa's 2nd District?,https://www.predictit.org/markets/detail/6789/Which-party-will-win-the-2020-House-race-in-Iowa's-2nd-District,23208,Democratic,0.65,0.36,0.64,0.35,09/16/2020 16:37:29,Open
2578,6789,Which party will win the 2020 House race in Iowa's 2nd District?,https://www.predictit.org/markets/detail/6789/Which-party-will-win-the-2020-House-race-in-Iowa's-2nd-District,23208,Democratic,0.65,0.36,0.64,0.35,09/16/2020 16:41:16,Open
2579,6789,Which party will win the 2020 House race in Iowa's 2nd District?,https://www.predictit.org/markets/detail/6789/Which-party-will-win-the-2020-House-race-in-Iowa's-2nd-District,23208,Democratic,0.65,0.36,0.64,0.35,09/16/2020 16:45:05,Open
2580,6789,Which party will win the 2020 House race in Iowa's 2nd District?,https://www.predictit.org/markets/detail/6789/Which-party-will-win-the-2020-House-race-in-Iowa's-2nd-District,23208,Democratic,0.65,0.36,0.64,0.35,09/16/2020 16:48:54,Open
2581,6789,Which party will win the 2020 House race in Iowa's 2nd District?,https://www.predictit.org/markets/detail/6789/Which-party-will-win-the-2020-House-race-in-Iowa's-2nd-District,23208,Democratic,0.65,0.36,0.64,0.35,09/16/2020 16:52:43,Open
2582,6789,Which party will win the 2020 House race in Iowa's 2nd District?,https://www.predictit.org/markets/detail/6789/Which-party-will-win-the-2020-House-race-in-Iowa's-2nd-District,23208,Democratic,0.65,0.36,0.64,0.35,09/16/2020 16:56:30,Open
2583,6789,Which party will win the 2020 House race in Iowa's 2nd District?,https://www.predictit.org/markets/detail/6789/Which-party-will-win-the-2020-House-race-in-Iowa's-2nd-District,23208,Democratic,0.65,0.36,0.64,0.35,09/16/2020 17:00:18,Open
2584,6789,Which party will win the 2020 House race in Iowa's 2nd District?,https://www.predictit.org/markets/detail/6789/Which-party-will-win-the-2020-House-race-in-Iowa's-2nd-District,23208,Democratic,0.65,0.36,0.64,0.35,09/16/2020 17:04:06,Open
2585,6789,Which party will win the 2020 House race in Iowa's 2nd District?,https://www.predictit.org/markets/detail/6789/Which-party-will-win-the-2020-House-race-in-Iowa's-2nd-District,23208,Democratic,0.65,0.36,0.64,0.35,09/16/2020 17:07:55,Open
2586,6789,Which party will win the 2020 House race in Iowa's 2nd District?,https://www.predictit.org/markets/detail/6789/Which-party-will-win-the-2020-House-race-in-Iowa's-2nd-District,23208,Democratic,0.65,0.36,0.64,0.35,09/16/2020 17:11:44,Open
2587,6789,Which party will win the 2020 House race in Iowa's 2nd District?,https://www.predictit.org/markets/detail/6789/Which-party-will-win-the-2020-House-race-in-Iowa's-2nd-District,23208,Democratic,0.65,0.36,0.64,0.35,09/16/2020 17:15:32,Open
2588,6789,Which party will win the 2020 House race in Iowa's 2nd District?,https://www.predictit.org/markets/detail/6789/Which-party-will-win-the-2020-House-race-in-Iowa's-2nd-District,23208,Democratic,0.65,0.36,0.64,0.35,09/16/2020 17:19:21,Open
2589,6789,Which party will win the 2020 House race in Iowa's 2nd District?,https://www.predictit.org/markets/detail/6789/Which-party-will-win-the-2020-House-race-in-Iowa's-2nd-District,23208,Democratic,0.65,0.36,0.64,0.35,09/16/2020 17:23:11,Open
2590,6789,Which party will win the 2020 House race in Iowa's 2nd District?,https://www.predictit.org/markets/detail/6789/Which-party-will-win-the-2020-House-race-in-Iowa's-2nd-District,23208,Democratic,0.65,0.36,0.64,0.35,09/16/2020 17:27:02,Open
2591,6789,Which party will win the 2020 House race in Iowa's 2nd District?,https://www.predictit.org/markets/detail/6789/Which-party-will-win-the-2020-House-race-in-Iowa's-2nd-District,23208,Democratic,0.65,0.36,0.64,0.35,09/16/2020 17:30:50,Open
2592,6789,Which party will win the 2020 House race in Iowa's 2nd District?,https://www.predictit.org/markets/detail/6789/Which-party-will-win-the-2020-House-race-in-Iowa's-2nd-District,23208,Democratic,0.65,0.36,0.64,0.35,09/16/2020 17:34:37,Open
2593,6789,Which party will win the 2020 House race in Iowa's 2nd District?,https://www.predictit.org/markets/detail/6789/Which-party-will-win-the-2020-House-race-in-Iowa's-2nd-District,23208,Democratic,0.65,0.36,0.64,0.35,09/16/2020 17:38:27,Open
2594,6789,Which party will win the 2020 House race in Iowa's 2nd District?,https://www.predictit.org/markets/detail/6789/Which-party-will-win-the-2020-House-race-in-Iowa's-2nd-District,23208,Democratic,0.65,0.36,0.64,0.35,09/16/2020 17:42:17,Open
2595,6789,Which party will win the 2020 House race in Iowa's 2nd District?,https://www.predictit.org/markets/detail/6789/Which-party-will-win-the-2020-House-race-in-Iowa's-2nd-District,23208,Democratic,0.65,0.36,0.64,0.35,09/16/2020 17:46:02,Open
2596,6789,Which party will win the 2020 House race in Iowa's 2nd District?,https://www.predictit.org/markets/detail/6789/Which-party-will-win-the-2020-House-race-in-Iowa's-2nd-District,23208,Democratic,0.65,0.36,0.64,0.35,09/16/2020 17:49:54,Open
2597,6789,Which party will win the 2020 House race in Iowa's 2nd District?,https://www.predictit.org/markets/detail/6789/Which-party-will-win-the-2020-House-race-in-Iowa's-2nd-District,23208,Democratic,0.65,0.36,0.64,0.35,09/16/2020 17:53:43,Open
2598,6789,Which party will win the 2020 House race in Iowa's 2nd District?,https://www.predictit.org/markets/detail/6789/Which-party-will-win-the-2020-House-race-in-Iowa's-2nd-District,23208,Democratic,0.65,0.36,0.64,0.35,09/16/2020 17:57:32,Open
2599,6789,Which party will win the 2020 House race in Iowa's 2nd District?,https://www.predictit.org/markets/detail/6789/Which-party-will-win-the-2020-House-race-in-Iowa's-2nd-District,23208,Democratic,0.65,0.36,0.64,0.35,09/16/2020 18:01:20,Open
2600,6789,Which party will win the 2020 House race in Iowa's 2nd District?,https://www.predictit.org/markets/detail/6789/Which-party-will-win-the-2020-House-race-in-Iowa's-2nd-District,23208,Democratic,0.65,0.36,0.64,0.35,09/16/2020 18:05:07,Open
2601,6789,Which party will win the 2020 House race in Iowa's 2nd District?,https://www.predictit.org/markets/detail/6789/Which-party-will-win-the-2020-House-race-in-Iowa's-2nd-District,23208,Democratic,0.65,0.36,0.64,0.35,09/16/2020 18:08:57,Open
2602,6789,Which party will win the 2020 House race in Iowa's 2nd District?,https://www.predictit.org/markets/detail/6789/Which-party-will-win-the-2020-House-race-in-Iowa's-2nd-District,23208,Democratic,0.65,0.36,0.64,0.35,09/16/2020 18:12:45,Open
2603,6789,Which party will win the 2020 House race in Iowa's 2nd District?,https://www.predictit.org/markets/detail/6789/Which-party-will-win-the-2020-House-race-in-Iowa's-2nd-District,23208,Democratic,0.65,0.36,0.64,0.35,09/16/2020 18:16:33,Open
2604,6789,Which party will win the 2020 House race in Iowa's 2nd District?,https://www.predictit.org/markets/detail/6789/Which-party-will-win-the-2020-House-race-in-Iowa's-2nd-District,23208,Democratic,0.65,0.36,0.64,0.35,09/16/2020 18:20:24,Open
2605,6789,Which party will win the 2020 House race in Iowa's 2nd District?,https://www.predictit.org/markets/detail/6789/Which-party-will-win-the-2020-House-race-in-Iowa's-2nd-District,23208,Democratic,0.65,0.36,0.64,0.35,09/16/2020 18:24:10,Open
2606,6789,Which party will win the 2020 House race in Iowa's 2nd District?,https://www.predictit.org/markets/detail/6789/Which-party-will-win-the-2020-House-race-in-Iowa's-2nd-District,23208,Democratic,0.65,0.36,0.64,0.35,09/16/2020 18:27:59,Open
2607,6789,Which party will win the 2020 House race in Iowa's 2nd District?,https://www.predictit.org/markets/detail/6789/Which-party-will-win-the-2020-House-race-in-Iowa's-2nd-District,23208,Democratic,0.65,0.36,0.64,0.35,09/16/2020 18:31:47,Open
2608,6789,Which party will win the 2020 House race in Iowa's 2nd District?,https://www.predictit.org/markets/detail/6789/Which-party-will-win-the-2020-House-race-in-Iowa's-2nd-District,23208,Democratic,0.65,0.36,0.64,0.35,09/16/2020 18:35:36,Open
2609,6789,Which party will win the 2020 House race in Iowa's 2nd District?,https://www.predictit.org/markets/detail/6789/Which-party-will-win-the-2020-House-race-in-Iowa's-2nd-District,23208,Democratic,0.65,0.36,0.64,0.35,09/16/2020 18:39:23,Open
2610,6789,Which party will win the 2020 House race in Iowa's 2nd District?,https://www.predictit.org/markets/detail/6789/Which-party-will-win-the-2020-House-race-in-Iowa's-2nd-District,23208,Democratic,0.65,0.36,0.64,0.35,09/16/2020 18:43:10,Open
2611,6789,Which party will win the 2020 House race in Iowa's 2nd District?,https://www.predictit.org/markets/detail/6789/Which-party-will-win-the-2020-House-race-in-Iowa's-2nd-District,23208,Democratic,0.65,0.36,0.64,0.35,09/16/2020 18:46:57,Open
2612,6789,Which party will win the 2020 House race in Iowa's 2nd District?,https://www.predictit.org/markets/detail/6789/Which-party-will-win-the-2020-House-race-in-Iowa's-2nd-District,23208,Democratic,0.65,0.36,0.64,0.35,09/16/2020 18:50:45,Open
2613,6789,Which party will win the 2020 House race in Iowa's 2nd District?,https://www.predictit.org/markets/detail/6789/Which-party-will-win-the-2020-House-race-in-Iowa's-2nd-District,23208,Democratic,0.65,0.36,0.64,0.35,09/16/2020 18:54:35,Open
2614,6789,Which party will win the 2020 House race in Iowa's 2nd District?,https://www.predictit.org/markets/detail/6789/Which-party-will-win-the-2020-House-race-in-Iowa's-2nd-District,23208,Democratic,0.65,0.36,0.64,0.35,09/16/2020 18:58:24,Open
2615,6789,Which party will win the 2020 House race in Iowa's 2nd District?,https://www.predictit.org/markets/detail/6789/Which-party-will-win-the-2020-House-race-in-Iowa's-2nd-District,23208,Democratic,0.65,0.36,0.64,0.35,09/16/2020 19:02:09,Open
2616,6789,Which party will win the 2020 House race in Iowa's 2nd District?,https://www.predictit.org/markets/detail/6789/Which-party-will-win-the-2020-House-race-in-Iowa's-2nd-District,23208,Democratic,0.65,0.36,0.64,0.35,09/16/2020 19:06:00,Open
2617,6789,Which party will win the 2020 House race in Iowa's 2nd District?,https://www.predictit.org/markets/detail/6789/Which-party-will-win-the-2020-House-race-in-Iowa's-2nd-District,23208,Democratic,0.65,0.36,0.64,0.35,09/16/2020 19:09:49,Open
2618,6789,Which party will win the 2020 House race in Iowa's 2nd District?,https://www.predictit.org/markets/detail/6789/Which-party-will-win-the-2020-House-race-in-Iowa's-2nd-District,23208,Democratic,0.65,0.36,0.64,0.35,09/16/2020 19:13:38,Open
2619,6789,Which party will win the 2020 House race in Iowa's 2nd District?,https://www.predictit.org/markets/detail/6789/Which-party-will-win-the-2020-House-race-in-Iowa's-2nd-District,23208,Democratic,0.65,0.36,0.64,0.35,09/16/2020 19:17:26,Open
2620,6789,Which party will win the 2020 House race in Iowa's 2nd District?,https://www.predictit.org/markets/detail/6789/Which-party-will-win-the-2020-House-race-in-Iowa's-2nd-District,23208,Democratic,0.65,0.36,0.64,0.35,09/16/2020 19:21:18,Open
2621,6789,Which party will win the 2020 House race in Iowa's 2nd District?,https://www.predictit.org/markets/detail/6789/Which-party-will-win-the-2020-House-race-in-Iowa's-2nd-District,23208,Democratic,0.65,0.36,0.64,0.35,09/16/2020 19:25:07,Open
2622,6789,Which party will win the 2020 House race in Iowa's 2nd District?,https://www.predictit.org/markets/detail/6789/Which-party-will-win-the-2020-House-race-in-Iowa's-2nd-District,23208,Democratic,0.65,0.36,0.64,0.35,09/16/2020 19:28:59,Open
2623,6789,Which party will win the 2020 House race in Iowa's 2nd District?,https://www.predictit.org/markets/detail/6789/Which-party-will-win-the-2020-House-race-in-Iowa's-2nd-District,23208,Democratic,0.65,0.36,0.64,0.35,09/16/2020 19:32:47,Open
2624,6789,Which party will win the 2020 House race in Iowa's 2nd District?,https://www.predictit.org/markets/detail/6789/Which-party-will-win-the-2020-House-race-in-Iowa's-2nd-District,23208,Democratic,0.65,0.36,0.64,0.35,09/16/2020 19:36:36,Open
2625,6789,Which party will win the 2020 House race in Iowa's 2nd District?,https://www.predictit.org/markets/detail/6789/Which-party-will-win-the-2020-House-race-in-Iowa's-2nd-District,23208,Democratic,0.65,0.36,0.64,0.35,09/16/2020 19:40:24,Open
2626,6789,Which party will win the 2020 House race in Iowa's 2nd District?,https://www.predictit.org/markets/detail/6789/Which-party-will-win-the-2020-House-race-in-Iowa's-2nd-District,23208,Democratic,0.65,0.36,0.64,0.35,09/16/2020 19:44:12,Open
2627,6789,Which party will win the 2020 House race in Iowa's 2nd District?,https://www.predictit.org/markets/detail/6789/Which-party-will-win-the-2020-House-race-in-Iowa's-2nd-District,23208,Democratic,0.65,0.36,0.64,0.35,09/16/2020 19:48:01,Open
2628,6789,Which party will win the 2020 House race in Iowa's 2nd District?,https://www.predictit.org/markets/detail/6789/Which-party-will-win-the-2020-House-race-in-Iowa's-2nd-District,23208,Democratic,0.65,0.36,0.64,0.35,09/16/2020 19:51:51,Open
2629,6789,Which party will win the 2020 House race in Iowa's 2nd District?,https://www.predictit.org/markets/detail/6789/Which-party-will-win-the-2020-House-race-in-Iowa's-2nd-District,23208,Democratic,0.65,0.36,0.64,0.35,09/16/2020 19:55:39,Open
2630,6789,Which party will win the 2020 House race in Iowa's 2nd District?,https://www.predictit.org/markets/detail/6789/Which-party-will-win-the-2020-House-race-in-Iowa's-2nd-District,23208,Democratic,0.65,0.36,0.64,0.35,09/16/2020 19:59:33,Open
2631,6789,Which party will win the 2020 House race in Iowa's 2nd District?,https://www.predictit.org/markets/detail/6789/Which-party-will-win-the-2020-House-race-in-Iowa's-2nd-District,23208,Democratic,0.65,0.36,0.64,0.35,09/16/2020 20:03:24,Open
2632,6789,Which party will win the 2020 House race in Iowa's 2nd District?,https://www.predictit.org/markets/detail/6789/Which-party-will-win-the-2020-House-race-in-Iowa's-2nd-District,23208,Democratic,0.65,0.36,0.64,0.35,09/16/2020 20:07:16,Open
2633,6789,Which party will win the 2020 House race in Iowa's 2nd District?,https://www.predictit.org/markets/detail/6789/Which-party-will-win-the-2020-House-race-in-Iowa's-2nd-District,23208,Democratic,0.65,0.36,0.64,0.35,09/16/2020 20:11:07,Open
2634,6789,Which party will win the 2020 House race in Iowa's 2nd District?,https://www.predictit.org/markets/detail/6789/Which-party-will-win-the-2020-House-race-in-Iowa's-2nd-District,23208,Democratic,0.65,0.36,0.64,0.35,09/16/2020 20:15:01,Open
2635,6789,Which party will win the 2020 House race in Iowa's 2nd District?,https://www.predictit.org/markets/detail/6789/Which-party-will-win-the-2020-House-race-in-Iowa's-2nd-District,23208,Democratic,0.65,0.36,0.64,0.35,09/16/2020 20:18:50,Open
2636,6789,Which party will win the 2020 House race in Iowa's 2nd District?,https://www.predictit.org/markets/detail/6789/Which-party-will-win-the-2020-House-race-in-Iowa's-2nd-District,23208,Democratic,0.65,0.36,0.64,0.35,09/16/2020 20:22:42,Open
2637,6789,Which party will win the 2020 House race in Iowa's 2nd District?,https://www.predictit.org/markets/detail/6789/Which-party-will-win-the-2020-House-race-in-Iowa's-2nd-District,23208,Democratic,0.65,0.36,0.64,0.35,09/16/2020 20:26:31,Open
2638,6789,Which party will win the 2020 House race in Iowa's 2nd District?,https://www.predictit.org/markets/detail/6789/Which-party-will-win-the-2020-House-race-in-Iowa's-2nd-District,23208,Democratic,0.65,0.36,0.64,0.35,09/16/2020 20:30:21,Open
2639,6789,Which party will win the 2020 House race in Iowa's 2nd District?,https://www.predictit.org/markets/detail/6789/Which-party-will-win-the-2020-House-race-in-Iowa's-2nd-District,23208,Democratic,0.66,0.35,0.65,0.34,09/16/2020 20:34:06,Open
2640,6789,Which party will win the 2020 House race in Iowa's 2nd District?,https://www.predictit.org/markets/detail/6789/Which-party-will-win-the-2020-House-race-in-Iowa's-2nd-District,23208,Democratic,0.66,0.35,0.65,0.34,09/16/2020 20:37:53,Open
2641,6789,Which party will win the 2020 House race in Iowa's 2nd District?,https://www.predictit.org/markets/detail/6789/Which-party-will-win-the-2020-House-race-in-Iowa's-2nd-District,23208,Democratic,0.66,0.35,0.65,0.34,09/16/2020 20:41:41,Open
2642,6789,Which party will win the 2020 House race in Iowa's 2nd District?,https://www.predictit.org/markets/detail/6789/Which-party-will-win-the-2020-House-race-in-Iowa's-2nd-District,23208,Democratic,0.66,0.35,0.65,0.34,09/16/2020 20:45:30,Open
2643,6789,Which party will win the 2020 House race in Iowa's 2nd District?,https://www.predictit.org/markets/detail/6789/Which-party-will-win-the-2020-House-race-in-Iowa's-2nd-District,23208,Democratic,0.66,0.35,0.65,0.34,09/16/2020 20:49:15,Open
2644,6789,Which party will win the 2020 House race in Iowa's 2nd District?,https://www.predictit.org/markets/detail/6789/Which-party-will-win-the-2020-House-race-in-Iowa's-2nd-District,23208,Democratic,0.66,0.35,0.65,0.34,09/16/2020 20:53:05,Open
2645,6789,Which party will win the 2020 House race in Iowa's 2nd District?,https://www.predictit.org/markets/detail/6789/Which-party-will-win-the-2020-House-race-in-Iowa's-2nd-District,23208,Democratic,0.66,0.35,0.65,0.34,09/16/2020 20:56:59,Open
2646,6789,Which party will win the 2020 House race in Iowa's 2nd District?,https://www.predictit.org/markets/detail/6789/Which-party-will-win-the-2020-House-race-in-Iowa's-2nd-District,23208,Democratic,0.66,0.35,0.65,0.34,09/16/2020 21:00:50,Open
2647,6789,Which party will win the 2020 House race in Iowa's 2nd District?,https://www.predictit.org/markets/detail/6789/Which-party-will-win-the-2020-House-race-in-Iowa's-2nd-District,23208,Democratic,0.66,0.35,0.65,0.34,09/16/2020 21:04:37,Open
2648,6789,Which party will win the 2020 House race in Iowa's 2nd District?,https://www.predictit.org/markets/detail/6789/Which-party-will-win-the-2020-House-race-in-Iowa's-2nd-District,23208,Democratic,0.66,0.35,0.65,0.34,09/16/2020 21:08:25,Open
2649,6789,Which party will win the 2020 House race in Iowa's 2nd District?,https://www.predictit.org/markets/detail/6789/Which-party-will-win-the-2020-House-race-in-Iowa's-2nd-District,23208,Democratic,0.66,0.35,0.65,0.34,09/16/2020 21:12:14,Open
2650,6789,Which party will win the 2020 House race in Iowa's 2nd District?,https://www.predictit.org/markets/detail/6789/Which-party-will-win-the-2020-House-race-in-Iowa's-2nd-District,23208,Democratic,0.66,0.35,0.65,0.34,09/16/2020 21:15:59,Open
2651,6789,Which party will win the 2020 House race in Iowa's 2nd District?,https://www.predictit.org/markets/detail/6789/Which-party-will-win-the-2020-House-race-in-Iowa's-2nd-District,23208,Democratic,0.66,0.35,0.65,0.34,09/16/2020 21:19:48,Open
2652,6789,Which party will win the 2020 House race in Iowa's 2nd District?,https://www.predictit.org/markets/detail/6789/Which-party-will-win-the-2020-House-race-in-Iowa's-2nd-District,23208,Democratic,0.66,0.35,0.65,0.34,09/16/2020 21:23:37,Open
2653,6789,Which party will win the 2020 House race in Iowa's 2nd District?,https://www.predictit.org/markets/detail/6789/Which-party-will-win-the-2020-House-race-in-Iowa's-2nd-District,23208,Democratic,0.66,0.35,0.65,0.34,09/16/2020 21:27:24,Open
2654,6789,Which party will win the 2020 House race in Iowa's 2nd District?,https://www.predictit.org/markets/detail/6789/Which-party-will-win-the-2020-House-race-in-Iowa's-2nd-District,23208,Democratic,0.66,0.35,0.65,0.34,09/16/2020 21:31:14,Open
2655,6789,Which party will win the 2020 House race in Iowa's 2nd District?,https://www.predictit.org/markets/detail/6789/Which-party-will-win-the-2020-House-race-in-Iowa's-2nd-District,23208,Democratic,0.66,0.35,0.65,0.34,09/16/2020 21:34:58,Open
2656,6789,Which party will win the 2020 House race in Iowa's 2nd District?,https://www.predictit.org/markets/detail/6789/Which-party-will-win-the-2020-House-race-in-Iowa's-2nd-District,23208,Democratic,0.66,0.35,0.65,0.34,09/16/2020 21:38:48,Open
2657,6789,Which party will win the 2020 House race in Iowa's 2nd District?,https://www.predictit.org/markets/detail/6789/Which-party-will-win-the-2020-House-race-in-Iowa's-2nd-District,23208,Democratic,0.66,0.35,0.65,0.34,09/16/2020 21:42:38,Open
2658,6789,Which party will win the 2020 House race in Iowa's 2nd District?,https://www.predictit.org/markets/detail/6789/Which-party-will-win-the-2020-House-race-in-Iowa's-2nd-District,23208,Democratic,0.66,0.35,0.65,0.34,09/16/2020 21:46:24,Open
2659,6789,Which party will win the 2020 House race in Iowa's 2nd District?,https://www.predictit.org/markets/detail/6789/Which-party-will-win-the-2020-House-race-in-Iowa's-2nd-District,23208,Democratic,0.66,0.35,0.65,0.34,09/16/2020 21:50:11,Open
2660,6789,Which party will win the 2020 House race in Iowa's 2nd District?,https://www.predictit.org/markets/detail/6789/Which-party-will-win-the-2020-House-race-in-Iowa's-2nd-District,23208,Democratic,0.66,0.35,0.65,0.34,09/16/2020 21:53:59,Open
2661,6789,Which party will win the 2020 House race in Iowa's 2nd District?,https://www.predictit.org/markets/detail/6789/Which-party-will-win-the-2020-House-race-in-Iowa's-2nd-District,23208,Democratic,0.66,0.35,0.65,0.34,09/16/2020 21:57:49,Open
2662,6789,Which party will win the 2020 House race in Iowa's 2nd District?,https://www.predictit.org/markets/detail/6789/Which-party-will-win-the-2020-House-race-in-Iowa's-2nd-District,23208,Democratic,0.66,0.35,0.65,0.34,09/16/2020 22:01:41,Open
2663,6789,Which party will win the 2020 House race in Iowa's 2nd District?,https://www.predictit.org/markets/detail/6789/Which-party-will-win-the-2020-House-race-in-Iowa's-2nd-District,23208,Democratic,0.66,0.35,0.65,0.34,09/16/2020 22:05:30,Open
2664,6789,Which party will win the 2020 House race in Iowa's 2nd District?,https://www.predictit.org/markets/detail/6789/Which-party-will-win-the-2020-House-race-in-Iowa's-2nd-District,23208,Democratic,0.66,0.35,0.65,0.34,09/16/2020 22:09:19,Open
2665,6789,Which party will win the 2020 House race in Iowa's 2nd District?,https://www.predictit.org/markets/detail/6789/Which-party-will-win-the-2020-House-race-in-Iowa's-2nd-District,23208,Democratic,0.66,0.35,0.65,0.34,09/16/2020 22:13:10,Open
2666,6789,Which party will win the 2020 House race in Iowa's 2nd District?,https://www.predictit.org/markets/detail/6789/Which-party-will-win-the-2020-House-race-in-Iowa's-2nd-District,23208,Democratic,0.66,0.35,0.65,0.34,09/16/2020 22:17:00,Open
2667,6789,Which party will win the 2020 House race in Iowa's 2nd District?,https://www.predictit.org/markets/detail/6789/Which-party-will-win-the-2020-House-race-in-Iowa's-2nd-District,23208,Democratic,0.66,0.35,0.65,0.34,09/16/2020 22:20:48,Open
2668,6789,Which party will win the 2020 House race in Iowa's 2nd District?,https://www.predictit.org/markets/detail/6789/Which-party-will-win-the-2020-House-race-in-Iowa's-2nd-District,23208,Democratic,0.66,0.35,0.65,0.34,09/16/2020 22:24:38,Open
2669,6789,Which party will win the 2020 House race in Iowa's 2nd District?,https://www.predictit.org/markets/detail/6789/Which-party-will-win-the-2020-House-race-in-Iowa's-2nd-District,23208,Democratic,0.66,0.35,0.65,0.34,09/16/2020 22:28:28,Open
2670,6789,Which party will win the 2020 House race in Iowa's 2nd District?,https://www.predictit.org/markets/detail/6789/Which-party-will-win-the-2020-House-race-in-Iowa's-2nd-District,23208,Democratic,0.66,0.35,0.65,0.34,09/16/2020 22:32:18,Open
2671,6789,Which party will win the 2020 House race in Iowa's 2nd District?,https://www.predictit.org/markets/detail/6789/Which-party-will-win-the-2020-House-race-in-Iowa's-2nd-District,23208,Democratic,0.66,0.35,0.65,0.34,09/16/2020 22:36:09,Open
2672,6789,Which party will win the 2020 House race in Iowa's 2nd District?,https://www.predictit.org/markets/detail/6789/Which-party-will-win-the-2020-House-race-in-Iowa's-2nd-District,23208,Democratic,0.66,0.35,0.65,0.34,09/16/2020 22:39:58,Open
2673,6789,Which party will win the 2020 House race in Iowa's 2nd District?,https://www.predictit.org/markets/detail/6789/Which-party-will-win-the-2020-House-race-in-Iowa's-2nd-District,23208,Democratic,0.66,0.35,0.65,0.34,09/16/2020 22:43:50,Open
2674,6789,Which party will win the 2020 House race in Iowa's 2nd District?,https://www.predictit.org/markets/detail/6789/Which-party-will-win-the-2020-House-race-in-Iowa's-2nd-District,23208,Democratic,0.66,0.35,0.65,0.34,09/16/2020 22:47:36,Open
2675,6789,Which party will win the 2020 House race in Iowa's 2nd District?,https://www.predictit.org/markets/detail/6789/Which-party-will-win-the-2020-House-race-in-Iowa's-2nd-District,23208,Democratic,0.66,0.35,0.65,0.34,09/16/2020 22:51:24,Open
2676,6789,Which party will win the 2020 House race in Iowa's 2nd District?,https://www.predictit.org/markets/detail/6789/Which-party-will-win-the-2020-House-race-in-Iowa's-2nd-District,23208,Democratic,0.66,0.35,0.65,0.34,09/16/2020 22:55:16,Open
2677,6789,Which party will win the 2020 House race in Iowa's 2nd District?,https://www.predictit.org/markets/detail/6789/Which-party-will-win-the-2020-House-race-in-Iowa's-2nd-District,23208,Democratic,0.66,0.35,0.65,0.34,09/16/2020 22:59:05,Open
2678,6789,Which party will win the 2020 House race in Iowa's 2nd District?,https://www.predictit.org/markets/detail/6789/Which-party-will-win-the-2020-House-race-in-Iowa's-2nd-District,23208,Democratic,0.66,0.35,0.65,0.34,09/16/2020 23:02:57,Open
2679,6789,Which party will win the 2020 House race in Iowa's 2nd District?,https://www.predictit.org/markets/detail/6789/Which-party-will-win-the-2020-House-race-in-Iowa's-2nd-District,23208,Democratic,0.66,0.35,0.65,0.34,09/16/2020 23:06:46,Open
2680,6789,Which party will win the 2020 House race in Iowa's 2nd District?,https://www.predictit.org/markets/detail/6789/Which-party-will-win-the-2020-House-race-in-Iowa's-2nd-District,23208,Democratic,0.66,0.35,0.65,0.34,09/16/2020 23:10:31,Open
2681,6789,Which party will win the 2020 House race in Iowa's 2nd District?,https://www.predictit.org/markets/detail/6789/Which-party-will-win-the-2020-House-race-in-Iowa's-2nd-District,23208,Democratic,0.66,0.35,0.65,0.34,09/16/2020 23:14:21,Open
2682,6789,Which party will win the 2020 House race in Iowa's 2nd District?,https://www.predictit.org/markets/detail/6789/Which-party-will-win-the-2020-House-race-in-Iowa's-2nd-District,23208,Democratic,0.66,0.35,0.65,0.34,09/16/2020 23:18:09,Open
2683,6789,Which party will win the 2020 House race in Iowa's 2nd District?,https://www.predictit.org/markets/detail/6789/Which-party-will-win-the-2020-House-race-in-Iowa's-2nd-District,23208,Democratic,0.66,0.35,0.65,0.34,09/16/2020 23:21:58,Open
2684,6789,Which party will win the 2020 House race in Iowa's 2nd District?,https://www.predictit.org/markets/detail/6789/Which-party-will-win-the-2020-House-race-in-Iowa's-2nd-District,23208,Democratic,0.66,0.35,0.65,0.34,09/16/2020 23:25:48,Open
2685,6789,Which party will win the 2020 House race in Iowa's 2nd District?,https://www.predictit.org/markets/detail/6789/Which-party-will-win-the-2020-House-race-in-Iowa's-2nd-District,23208,Democratic,0.66,0.35,0.65,0.34,09/16/2020 23:29:38,Open
2686,6789,Which party will win the 2020 House race in Iowa's 2nd District?,https://www.predictit.org/markets/detail/6789/Which-party-will-win-the-2020-House-race-in-Iowa's-2nd-District,23208,Democratic,0.66,0.35,0.65,0.34,09/16/2020 23:33:29,Open
2687,6789,Which party will win the 2020 House race in Iowa's 2nd District?,https://www.predictit.org/markets/detail/6789/Which-party-will-win-the-2020-House-race-in-Iowa's-2nd-District,23208,Democratic,0.66,0.35,0.65,0.34,09/16/2020 23:37:18,Open
2688,6789,Which party will win the 2020 House race in Iowa's 2nd District?,https://www.predictit.org/markets/detail/6789/Which-party-will-win-the-2020-House-race-in-Iowa's-2nd-District,23208,Democratic,0.66,0.35,0.65,0.34,09/16/2020 23:41:09,Open
2689,6789,Which party will win the 2020 House race in Iowa's 2nd District?,https://www.predictit.org/markets/detail/6789/Which-party-will-win-the-2020-House-race-in-Iowa's-2nd-District,23208,Democratic,0.66,0.35,0.65,0.34,09/16/2020 23:45:00,Open
2690,6789,Which party will win the 2020 House race in Iowa's 2nd District?,https://www.predictit.org/markets/detail/6789/Which-party-will-win-the-2020-House-race-in-Iowa's-2nd-District,23208,Democratic,0.66,0.35,0.65,0.34,09/16/2020 23:48:49,Open
2691,6789,Which party will win the 2020 House race in Iowa's 2nd District?,https://www.predictit.org/markets/detail/6789/Which-party-will-win-the-2020-House-race-in-Iowa's-2nd-District,23208,Democratic,0.66,0.35,0.65,0.34,09/16/2020 23:52:37,Open
2692,6789,Which party will win the 2020 House race in Iowa's 2nd District?,https://www.predictit.org/markets/detail/6789/Which-party-will-win-the-2020-House-race-in-Iowa's-2nd-District,23208,Democratic,0.66,0.35,0.65,0.34,09/16/2020 23:56:29,Open
2693,6789,Which party will win the 2020 House race in Iowa's 2nd District?,https://www.predictit.org/markets/detail/6789/Which-party-will-win-the-2020-House-race-in-Iowa's-2nd-District,23208,Democratic,0.66,0.35,0.65,0.34,09/17/2020 00:00:20,Open
2694,6789,Which party will win the 2020 House race in Iowa's 2nd District?,https://www.predictit.org/markets/detail/6789/Which-party-will-win-the-2020-House-race-in-Iowa's-2nd-District,23208,Democratic,0.66,0.35,0.65,0.34,09/17/2020 00:04:15,Open
2695,6789,Which party will win the 2020 House race in Iowa's 2nd District?,https://www.predictit.org/markets/detail/6789/Which-party-will-win-the-2020-House-race-in-Iowa's-2nd-District,23208,Democratic,0.66,0.35,0.65,0.34,09/17/2020 00:08:04,Open
2696,6789,Which party will win the 2020 House race in Iowa's 2nd District?,https://www.predictit.org/markets/detail/6789/Which-party-will-win-the-2020-House-race-in-Iowa's-2nd-District,23208,Democratic,0.66,0.35,0.65,0.34,09/17/2020 00:11:52,Open
2697,6789,Which party will win the 2020 House race in Iowa's 2nd District?,https://www.predictit.org/markets/detail/6789/Which-party-will-win-the-2020-House-race-in-Iowa's-2nd-District,23208,Democratic,0.66,0.35,0.65,0.34,09/17/2020 00:15:45,Open
2698,6789,Which party will win the 2020 House race in Iowa's 2nd District?,https://www.predictit.org/markets/detail/6789/Which-party-will-win-the-2020-House-race-in-Iowa's-2nd-District,23208,Democratic,0.66,0.35,0.65,0.34,09/17/2020 00:19:35,Open
2699,6789,Which party will win the 2020 House race in Iowa's 2nd District?,https://www.predictit.org/markets/detail/6789/Which-party-will-win-the-2020-House-race-in-Iowa's-2nd-District,23208,Democratic,0.66,0.35,0.65,0.34,09/17/2020 00:23:31,Open
2700,6789,Which party will win the 2020 House race in Iowa's 2nd District?,https://www.predictit.org/markets/detail/6789/Which-party-will-win-the-2020-House-race-in-Iowa's-2nd-District,23208,Democratic,0.66,0.35,0.65,0.34,09/17/2020 00:27:20,Open
2701,6789,Which party will win the 2020 House race in Iowa's 2nd District?,https://www.predictit.org/markets/detail/6789/Which-party-will-win-the-2020-House-race-in-Iowa's-2nd-District,23208,Democratic,0.66,0.35,0.65,0.34,09/17/2020 00:31:12,Open
2702,6789,Which party will win the 2020 House race in Iowa's 2nd District?,https://www.predictit.org/markets/detail/6789/Which-party-will-win-the-2020-House-race-in-Iowa's-2nd-District,23208,Democratic,0.66,0.35,0.65,0.34,09/17/2020 00:35:04,Open
2703,6789,Which party will win the 2020 House race in Iowa's 2nd District?,https://www.predictit.org/markets/detail/6789/Which-party-will-win-the-2020-House-race-in-Iowa's-2nd-District,23208,Democratic,0.66,0.35,0.65,0.34,09/17/2020 00:38:55,Open
2704,6789,Which party will win the 2020 House race in Iowa's 2nd District?,https://www.predictit.org/markets/detail/6789/Which-party-will-win-the-2020-House-race-in-Iowa's-2nd-District,23208,Democratic,0.66,0.35,0.65,0.34,09/17/2020 00:42:43,Open
2705,6789,Which party will win the 2020 House race in Iowa's 2nd District?,https://www.predictit.org/markets/detail/6789/Which-party-will-win-the-2020-House-race-in-Iowa's-2nd-District,23208,Democratic,0.66,0.35,0.65,0.34,09/17/2020 00:46:34,Open
2706,6789,Which party will win the 2020 House race in Iowa's 2nd District?,https://www.predictit.org/markets/detail/6789/Which-party-will-win-the-2020-House-race-in-Iowa's-2nd-District,23208,Democratic,0.66,0.35,0.65,0.34,09/17/2020 00:50:25,Open
2707,6789,Which party will win the 2020 House race in Iowa's 2nd District?,https://www.predictit.org/markets/detail/6789/Which-party-will-win-the-2020-House-race-in-Iowa's-2nd-District,23208,Democratic,0.66,0.35,0.65,0.34,09/17/2020 00:54:18,Open
2708,6789,Which party will win the 2020 House race in Iowa's 2nd District?,https://www.predictit.org/markets/detail/6789/Which-party-will-win-the-2020-House-race-in-Iowa's-2nd-District,23208,Democratic,0.66,0.35,0.65,0.34,09/17/2020 00:58:10,Open
2709,6789,Which party will win the 2020 House race in Iowa's 2nd District?,https://www.predictit.org/markets/detail/6789/Which-party-will-win-the-2020-House-race-in-Iowa's-2nd-District,23208,Democratic,0.66,0.35,0.65,0.34,09/17/2020 01:02:01,Open
2710,6789,Which party will win the 2020 House race in Iowa's 2nd District?,https://www.predictit.org/markets/detail/6789/Which-party-will-win-the-2020-House-race-in-Iowa's-2nd-District,23208,Democratic,0.66,0.35,0.65,0.34,09/17/2020 01:05:57,Open
2711,6789,Which party will win the 2020 House race in Iowa's 2nd District?,https://www.predictit.org/markets/detail/6789/Which-party-will-win-the-2020-House-race-in-Iowa's-2nd-District,23208,Democratic,0.66,0.35,0.65,0.34,09/17/2020 01:09:49,Open
2712,6789,Which party will win the 2020 House race in Iowa's 2nd District?,https://www.predictit.org/markets/detail/6789/Which-party-will-win-the-2020-House-race-in-Iowa's-2nd-District,23208,Democratic,0.66,0.35,0.65,0.34,09/17/2020 01:13:46,Open
2713,6789,Which party will win the 2020 House race in Iowa's 2nd District?,https://www.predictit.org/markets/detail/6789/Which-party-will-win-the-2020-House-race-in-Iowa's-2nd-District,23208,Democratic,0.66,0.35,0.65,0.34,09/17/2020 01:17:42,Open
2714,6789,Which party will win the 2020 House race in Iowa's 2nd District?,https://www.predictit.org/markets/detail/6789/Which-party-will-win-the-2020-House-race-in-Iowa's-2nd-District,23208,Democratic,0.66,0.35,0.65,0.34,09/17/2020 01:21:34,Open
2715,6789,Which party will win the 2020 House race in Iowa's 2nd District?,https://www.predictit.org/markets/detail/6789/Which-party-will-win-the-2020-House-race-in-Iowa's-2nd-District,23208,Democratic,0.66,0.35,0.65,0.34,09/17/2020 01:25:31,Open
2716,6789,Which party will win the 2020 House race in Iowa's 2nd District?,https://www.predictit.org/markets/detail/6789/Which-party-will-win-the-2020-House-race-in-Iowa's-2nd-District,23208,Democratic,0.66,0.35,0.65,0.34,09/17/2020 01:29:27,Open
2717,6789,Which party will win the 2020 House race in Iowa's 2nd District?,https://www.predictit.org/markets/detail/6789/Which-party-will-win-the-2020-House-race-in-Iowa's-2nd-District,23208,Democratic,0.66,0.35,0.65,0.34,09/17/2020 01:33:19,Open
2718,6789,Which party will win the 2020 House race in Iowa's 2nd District?,https://www.predictit.org/markets/detail/6789/Which-party-will-win-the-2020-House-race-in-Iowa's-2nd-District,23208,Democratic,0.66,0.35,0.65,0.34,09/17/2020 01:37:15,Open
2719,6789,Which party will win the 2020 House race in Iowa's 2nd District?,https://www.predictit.org/markets/detail/6789/Which-party-will-win-the-2020-House-race-in-Iowa's-2nd-District,23208,Democratic,0.66,0.35,0.65,0.34,09/17/2020 01:41:09,Open
2720,6789,Which party will win the 2020 House race in Iowa's 2nd District?,https://www.predictit.org/markets/detail/6789/Which-party-will-win-the-2020-House-race-in-Iowa's-2nd-District,23208,Democratic,0.66,0.35,0.65,0.34,09/17/2020 01:45:06,Open
2721,6789,Which party will win the 2020 House race in Iowa's 2nd District?,https://www.predictit.org/markets/detail/6789/Which-party-will-win-the-2020-House-race-in-Iowa's-2nd-District,23208,Democratic,0.66,0.35,0.65,0.34,09/17/2020 01:49:03,Open
2722,6789,Which party will win the 2020 House race in Iowa's 2nd District?,https://www.predictit.org/markets/detail/6789/Which-party-will-win-the-2020-House-race-in-Iowa's-2nd-District,23208,Democratic,0.66,0.35,0.65,0.34,09/17/2020 01:52:55,Open
2723,6789,Which party will win the 2020 House race in Iowa's 2nd District?,https://www.predictit.org/markets/detail/6789/Which-party-will-win-the-2020-House-race-in-Iowa's-2nd-District,23208,Democratic,0.66,0.35,0.65,0.34,09/17/2020 01:56:50,Open
2724,6789,Which party will win the 2020 House race in Iowa's 2nd District?,https://www.predictit.org/markets/detail/6789/Which-party-will-win-the-2020-House-race-in-Iowa's-2nd-District,23208,Democratic,0.66,0.35,0.65,0.34,09/17/2020 02:00:41,Open
2725,6789,Which party will win the 2020 House race in Iowa's 2nd District?,https://www.predictit.org/markets/detail/6789/Which-party-will-win-the-2020-House-race-in-Iowa's-2nd-District,23208,Democratic,0.66,0.35,0.65,0.34,09/17/2020 02:04:32,Open
2726,6789,Which party will win the 2020 House race in Iowa's 2nd District?,https://www.predictit.org/markets/detail/6789/Which-party-will-win-the-2020-House-race-in-Iowa's-2nd-District,23208,Democratic,0.66,0.35,0.65,0.34,09/17/2020 02:08:24,Open
2727,6789,Which party will win the 2020 House race in Iowa's 2nd District?,https://www.predictit.org/markets/detail/6789/Which-party-will-win-the-2020-House-race-in-Iowa's-2nd-District,23208,Democratic,0.66,0.35,0.65,0.34,09/17/2020 02:12:15,Open
2728,6789,Which party will win the 2020 House race in Iowa's 2nd District?,https://www.predictit.org/markets/detail/6789/Which-party-will-win-the-2020-House-race-in-Iowa's-2nd-District,23208,Democratic,0.66,0.35,0.65,0.34,09/17/2020 02:16:10,Open
2729,6789,Which party will win the 2020 House race in Iowa's 2nd District?,https://www.predictit.org/markets/detail/6789/Which-party-will-win-the-2020-House-race-in-Iowa's-2nd-District,23208,Democratic,0.66,0.35,0.65,0.34,09/17/2020 02:20:02,Open
2730,6789,Which party will win the 2020 House race in Iowa's 2nd District?,https://www.predictit.org/markets/detail/6789/Which-party-will-win-the-2020-House-race-in-Iowa's-2nd-District,23208,Democratic,0.66,0.35,0.65,0.34,09/17/2020 02:23:52,Open
2731,6789,Which party will win the 2020 House race in Iowa's 2nd District?,https://www.predictit.org/markets/detail/6789/Which-party-will-win-the-2020-House-race-in-Iowa's-2nd-District,23208,Democratic,0.66,0.35,0.65,0.34,09/17/2020 02:27:45,Open
2732,6789,Which party will win the 2020 House race in Iowa's 2nd District?,https://www.predictit.org/markets/detail/6789/Which-party-will-win-the-2020-House-race-in-Iowa's-2nd-District,23208,Democratic,0.66,0.35,0.65,0.34,09/17/2020 02:31:39,Open
2733,6789,Which party will win the 2020 House race in Iowa's 2nd District?,https://www.predictit.org/markets/detail/6789/Which-party-will-win-the-2020-House-race-in-Iowa's-2nd-District,23208,Democratic,0.66,0.35,0.65,0.34,09/17/2020 02:35:29,Open
2734,6789,Which party will win the 2020 House race in Iowa's 2nd District?,https://www.predictit.org/markets/detail/6789/Which-party-will-win-the-2020-House-race-in-Iowa's-2nd-District,23208,Democratic,0.66,0.35,0.65,0.34,09/17/2020 02:39:30,Open
2735,6789,Which party will win the 2020 House race in Iowa's 2nd District?,https://www.predictit.org/markets/detail/6789/Which-party-will-win-the-2020-House-race-in-Iowa's-2nd-District,23208,Democratic,0.66,0.35,0.65,0.34,09/17/2020 02:43:22,Open
2736,6789,Which party will win the 2020 House race in Iowa's 2nd District?,https://www.predictit.org/markets/detail/6789/Which-party-will-win-the-2020-House-race-in-Iowa's-2nd-District,23208,Democratic,0.66,0.35,0.65,0.34,09/17/2020 02:47:18,Open
2737,6789,Which party will win the 2020 House race in Iowa's 2nd District?,https://www.predictit.org/markets/detail/6789/Which-party-will-win-the-2020-House-race-in-Iowa's-2nd-District,23208,Democratic,0.66,0.35,0.65,0.34,09/17/2020 02:51:13,Open
2738,6789,Which party will win the 2020 House race in Iowa's 2nd District?,https://www.predictit.org/markets/detail/6789/Which-party-will-win-the-2020-House-race-in-Iowa's-2nd-District,23208,Democratic,0.66,0.35,0.65,0.34,09/17/2020 02:55:10,Open
2739,6789,Which party will win the 2020 House race in Iowa's 2nd District?,https://www.predictit.org/markets/detail/6789/Which-party-will-win-the-2020-House-race-in-Iowa's-2nd-District,23208,Democratic,0.66,0.35,0.65,0.34,09/17/2020 02:59:24,Open
2740,6789,Which party will win the 2020 House race in Iowa's 2nd District?,https://www.predictit.org/markets/detail/6789/Which-party-will-win-the-2020-House-race-in-Iowa's-2nd-District,23208,Democratic,0.66,0.35,0.65,0.34,09/17/2020 03:03:19,Open
2741,6789,Which party will win the 2020 House race in Iowa's 2nd District?,https://www.predictit.org/markets/detail/6789/Which-party-will-win-the-2020-House-race-in-Iowa's-2nd-District,23208,Democratic,0.66,0.35,0.65,0.34,09/17/2020 03:07:17,Open
2742,6789,Which party will win the 2020 House race in Iowa's 2nd District?,https://www.predictit.org/markets/detail/6789/Which-party-will-win-the-2020-House-race-in-Iowa's-2nd-District,23208,Democratic,0.66,0.35,0.65,0.34,09/17/2020 03:11:14,Open
2743,6789,Which party will win the 2020 House race in Iowa's 2nd District?,https://www.predictit.org/markets/detail/6789/Which-party-will-win-the-2020-House-race-in-Iowa's-2nd-District,23208,Democratic,0.66,0.35,0.65,0.34,09/17/2020 03:15:10,Open
2744,6789,Which party will win the 2020 House race in Iowa's 2nd District?,https://www.predictit.org/markets/detail/6789/Which-party-will-win-the-2020-House-race-in-Iowa's-2nd-District,23208,Democratic,0.66,0.35,0.65,0.34,09/17/2020 03:19:07,Open
2745,6789,Which party will win the 2020 House race in Iowa's 2nd District?,https://www.predictit.org/markets/detail/6789/Which-party-will-win-the-2020-House-race-in-Iowa's-2nd-District,23208,Democratic,0.66,0.35,0.65,0.34,09/17/2020 03:23:04,Open
2746,6789,Which party will win the 2020 House race in Iowa's 2nd District?,https://www.predictit.org/markets/detail/6789/Which-party-will-win-the-2020-House-race-in-Iowa's-2nd-District,23208,Democratic,0.66,0.35,0.65,0.34,09/17/2020 03:27:02,Open
2747,6789,Which party will win the 2020 House race in Iowa's 2nd District?,https://www.predictit.org/markets/detail/6789/Which-party-will-win-the-2020-House-race-in-Iowa's-2nd-District,23208,Democratic,0.66,0.35,0.65,0.34,09/17/2020 03:30:56,Open
2748,6789,Which party will win the 2020 House race in Iowa's 2nd District?,https://www.predictit.org/markets/detail/6789/Which-party-will-win-the-2020-House-race-in-Iowa's-2nd-District,23208,Democratic,0.66,0.35,0.65,0.34,09/17/2020 03:34:50,Open
2749,6789,Which party will win the 2020 House race in Iowa's 2nd District?,https://www.predictit.org/markets/detail/6789/Which-party-will-win-the-2020-House-race-in-Iowa's-2nd-District,23208,Democratic,0.66,0.35,0.65,0.34,09/17/2020 03:38:49,Open
2750,6789,Which party will win the 2020 House race in Iowa's 2nd District?,https://www.predictit.org/markets/detail/6789/Which-party-will-win-the-2020-House-race-in-Iowa's-2nd-District,23208,Democratic,0.66,0.35,0.65,0.34,09/17/2020 03:42:46,Open
2751,6789,Which party will win the 2020 House race in Iowa's 2nd District?,https://www.predictit.org/markets/detail/6789/Which-party-will-win-the-2020-House-race-in-Iowa's-2nd-District,23208,Democratic,0.66,0.35,0.65,0.34,09/17/2020 03:46:41,Open
2752,6789,Which party will win the 2020 House race in Iowa's 2nd District?,https://www.predictit.org/markets/detail/6789/Which-party-will-win-the-2020-House-race-in-Iowa's-2nd-District,23208,Democratic,0.66,0.35,0.65,0.34,09/17/2020 03:50:45,Open
2753,6789,Which party will win the 2020 House race in Iowa's 2nd District?,https://www.predictit.org/markets/detail/6789/Which-party-will-win-the-2020-House-race-in-Iowa's-2nd-District,23208,Democratic,0.66,0.35,0.65,0.34,09/17/2020 03:54:46,Open
2754,6789,Which party will win the 2020 House race in Iowa's 2nd District?,https://www.predictit.org/markets/detail/6789/Which-party-will-win-the-2020-House-race-in-Iowa's-2nd-District,23208,Democratic,0.66,0.35,0.65,0.34,09/17/2020 03:58:45,Open
2755,6789,Which party will win the 2020 House race in Iowa's 2nd District?,https://www.predictit.org/markets/detail/6789/Which-party-will-win-the-2020-House-race-in-Iowa's-2nd-District,23208,Democratic,0.66,0.35,0.65,0.34,09/17/2020 04:02:42,Open
2756,6789,Which party will win the 2020 House race in Iowa's 2nd District?,https://www.predictit.org/markets/detail/6789/Which-party-will-win-the-2020-House-race-in-Iowa's-2nd-District,23208,Democratic,0.66,0.35,0.65,0.34,09/17/2020 04:06:40,Open
2757,6789,Which party will win the 2020 House race in Iowa's 2nd District?,https://www.predictit.org/markets/detail/6789/Which-party-will-win-the-2020-House-race-in-Iowa's-2nd-District,23208,Democratic,0.66,0.35,0.65,0.34,09/17/2020 04:10:37,Open
2758,6789,Which party will win the 2020 House race in Iowa's 2nd District?,https://www.predictit.org/markets/detail/6789/Which-party-will-win-the-2020-House-race-in-Iowa's-2nd-District,23208,Democratic,0.66,0.35,0.65,0.34,09/17/2020 04:14:34,Open
2759,6789,Which party will win the 2020 House race in Iowa's 2nd District?,https://www.predictit.org/markets/detail/6789/Which-party-will-win-the-2020-House-race-in-Iowa's-2nd-District,23208,Democratic,0.66,0.35,0.65,0.34,09/17/2020 04:18:34,Open
2760,6789,Which party will win the 2020 House race in Iowa's 2nd District?,https://www.predictit.org/markets/detail/6789/Which-party-will-win-the-2020-House-race-in-Iowa's-2nd-District,23208,Democratic,0.66,0.35,0.65,0.34,09/17/2020 04:22:29,Open
2761,6789,Which party will win the 2020 House race in Iowa's 2nd District?,https://www.predictit.org/markets/detail/6789/Which-party-will-win-the-2020-House-race-in-Iowa's-2nd-District,23208,Democratic,0.66,0.35,0.65,0.34,09/17/2020 04:26:27,Open
2762,6789,Which party will win the 2020 House race in Iowa's 2nd District?,https://www.predictit.org/markets/detail/6789/Which-party-will-win-the-2020-House-race-in-Iowa's-2nd-District,23208,Democratic,0.66,0.35,0.65,0.34,09/17/2020 04:30:29,Open
2763,6789,Which party will win the 2020 House race in Iowa's 2nd District?,https://www.predictit.org/markets/detail/6789/Which-party-will-win-the-2020-House-race-in-Iowa's-2nd-District,23208,Democratic,0.66,0.35,0.65,0.34,09/17/2020 04:34:23,Open
2764,6789,Which party will win the 2020 House race in Iowa's 2nd District?,https://www.predictit.org/markets/detail/6789/Which-party-will-win-the-2020-House-race-in-Iowa's-2nd-District,23208,Democratic,0.66,0.35,0.65,0.34,09/17/2020 04:38:22,Open
2765,6789,Which party will win the 2020 House race in Iowa's 2nd District?,https://www.predictit.org/markets/detail/6789/Which-party-will-win-the-2020-House-race-in-Iowa's-2nd-District,23208,Democratic,0.66,0.35,0.65,0.34,09/17/2020 04:42:18,Open
2766,6789,Which party will win the 2020 House race in Iowa's 2nd District?,https://www.predictit.org/markets/detail/6789/Which-party-will-win-the-2020-House-race-in-Iowa's-2nd-District,23208,Democratic,0.66,0.35,0.65,0.34,09/17/2020 04:46:12,Open
2767,6789,Which party will win the 2020 House race in Iowa's 2nd District?,https://www.predictit.org/markets/detail/6789/Which-party-will-win-the-2020-House-race-in-Iowa's-2nd-District,23208,Democratic,0.66,0.35,0.65,0.34,09/17/2020 04:50:06,Open
2768,6789,Which party will win the 2020 House race in Iowa's 2nd District?,https://www.predictit.org/markets/detail/6789/Which-party-will-win-the-2020-House-race-in-Iowa's-2nd-District,23208,Democratic,0.66,0.35,0.65,0.34,09/17/2020 04:54:00,Open
2769,6789,Which party will win the 2020 House race in Iowa's 2nd District?,https://www.predictit.org/markets/detail/6789/Which-party-will-win-the-2020-House-race-in-Iowa's-2nd-District,23208,Democratic,0.66,0.35,0.65,0.34,09/17/2020 04:57:50,Open
2770,6789,Which party will win the 2020 House race in Iowa's 2nd District?,https://www.predictit.org/markets/detail/6789/Which-party-will-win-the-2020-House-race-in-Iowa's-2nd-District,23208,Democratic,0.66,0.35,0.65,0.34,09/17/2020 05:01:49,Open
2771,6789,Which party will win the 2020 House race in Iowa's 2nd District?,https://www.predictit.org/markets/detail/6789/Which-party-will-win-the-2020-House-race-in-Iowa's-2nd-District,23208,Democratic,0.66,0.35,0.65,0.34,09/17/2020 05:05:39,Open
2772,6789,Which party will win the 2020 House race in Iowa's 2nd District?,https://www.predictit.org/markets/detail/6789/Which-party-will-win-the-2020-House-race-in-Iowa's-2nd-District,23208,Democratic,0.66,0.35,0.65,0.34,09/17/2020 05:09:32,Open
2773,6789,Which party will win the 2020 House race in Iowa's 2nd District?,https://www.predictit.org/markets/detail/6789/Which-party-will-win-the-2020-House-race-in-Iowa's-2nd-District,23208,Democratic,0.66,0.35,0.65,0.34,09/17/2020 05:13:26,Open
2774,6789,Which party will win the 2020 House race in Iowa's 2nd District?,https://www.predictit.org/markets/detail/6789/Which-party-will-win-the-2020-House-race-in-Iowa's-2nd-District,23208,Democratic,0.66,0.35,0.65,0.34,09/17/2020 05:17:19,Open
2775,6789,Which party will win the 2020 House race in Iowa's 2nd District?,https://www.predictit.org/markets/detail/6789/Which-party-will-win-the-2020-House-race-in-Iowa's-2nd-District,23208,Democratic,0.66,0.35,0.65,0.34,09/17/2020 05:21:12,Open
2776,6789,Which party will win the 2020 House race in Iowa's 2nd District?,https://www.predictit.org/markets/detail/6789/Which-party-will-win-the-2020-House-race-in-Iowa's-2nd-District,23208,Democratic,0.66,0.35,0.65,0.34,09/17/2020 05:25:07,Open
2777,6789,Which party will win the 2020 House race in Iowa's 2nd District?,https://www.predictit.org/markets/detail/6789/Which-party-will-win-the-2020-House-race-in-Iowa's-2nd-District,23208,Democratic,0.66,0.35,0.65,0.34,09/17/2020 05:29:03,Open
2778,6789,Which party will win the 2020 House race in Iowa's 2nd District?,https://www.predictit.org/markets/detail/6789/Which-party-will-win-the-2020-House-race-in-Iowa's-2nd-District,23208,Democratic,0.66,0.35,0.65,0.34,09/17/2020 05:33:00,Open
2779,6789,Which party will win the 2020 House race in Iowa's 2nd District?,https://www.predictit.org/markets/detail/6789/Which-party-will-win-the-2020-House-race-in-Iowa's-2nd-District,23208,Democratic,0.66,0.35,0.65,0.34,09/17/2020 05:36:53,Open
2780,6789,Which party will win the 2020 House race in Iowa's 2nd District?,https://www.predictit.org/markets/detail/6789/Which-party-will-win-the-2020-House-race-in-Iowa's-2nd-District,23208,Democratic,0.66,0.35,0.65,0.34,09/17/2020 05:40:49,Open
2781,6789,Which party will win the 2020 House race in Iowa's 2nd District?,https://www.predictit.org/markets/detail/6789/Which-party-will-win-the-2020-House-race-in-Iowa's-2nd-District,23208,Democratic,0.66,0.35,0.65,0.34,09/17/2020 05:44:42,Open
2782,6789,Which party will win the 2020 House race in Iowa's 2nd District?,https://www.predictit.org/markets/detail/6789/Which-party-will-win-the-2020-House-race-in-Iowa's-2nd-District,23208,Democratic,0.66,0.35,0.65,0.34,09/17/2020 05:48:37,Open
2783,6789,Which party will win the 2020 House race in Iowa's 2nd District?,https://www.predictit.org/markets/detail/6789/Which-party-will-win-the-2020-House-race-in-Iowa's-2nd-District,23208,Democratic,0.66,0.35,0.65,0.34,09/17/2020 05:52:39,Open
2784,6789,Which party will win the 2020 House race in Iowa's 2nd District?,https://www.predictit.org/markets/detail/6789/Which-party-will-win-the-2020-House-race-in-Iowa's-2nd-District,23208,Democratic,0.66,0.35,0.65,0.34,09/17/2020 05:56:35,Open
2785,6789,Which party will win the 2020 House race in Iowa's 2nd District?,https://www.predictit.org/markets/detail/6789/Which-party-will-win-the-2020-House-race-in-Iowa's-2nd-District,23208,Democratic,0.66,0.35,0.65,0.34,09/17/2020 06:00:35,Open
2786,6789,Which party will win the 2020 House race in Iowa's 2nd District?,https://www.predictit.org/markets/detail/6789/Which-party-will-win-the-2020-House-race-in-Iowa's-2nd-District,23208,Democratic,0.66,0.35,0.65,0.34,09/17/2020 06:04:30,Open
2787,6789,Which party will win the 2020 House race in Iowa's 2nd District?,https://www.predictit.org/markets/detail/6789/Which-party-will-win-the-2020-House-race-in-Iowa's-2nd-District,23208,Democratic,0.66,0.35,0.65,0.34,09/17/2020 06:08:26,Open
2788,6789,Which party will win the 2020 House race in Iowa's 2nd District?,https://www.predictit.org/markets/detail/6789/Which-party-will-win-the-2020-House-race-in-Iowa's-2nd-District,23208,Democratic,0.66,0.35,0.65,0.34,09/17/2020 06:12:22,Open
2789,6789,Which party will win the 2020 House race in Iowa's 2nd District?,https://www.predictit.org/markets/detail/6789/Which-party-will-win-the-2020-House-race-in-Iowa's-2nd-District,23208,Democratic,0.66,0.35,0.65,0.34,09/17/2020 06:16:18,Open
2790,6789,Which party will win the 2020 House race in Iowa's 2nd District?,https://www.predictit.org/markets/detail/6789/Which-party-will-win-the-2020-House-race-in-Iowa's-2nd-District,23208,Democratic,0.66,0.35,0.65,0.34,09/17/2020 06:20:15,Open
2791,6789,Which party will win the 2020 House race in Iowa's 2nd District?,https://www.predictit.org/markets/detail/6789/Which-party-will-win-the-2020-House-race-in-Iowa's-2nd-District,23208,Democratic,0.66,0.35,0.65,0.34,09/17/2020 06:24:17,Open
2792,6789,Which party will win the 2020 House race in Iowa's 2nd District?,https://www.predictit.org/markets/detail/6789/Which-party-will-win-the-2020-House-race-in-Iowa's-2nd-District,23208,Democratic,0.66,0.35,0.65,0.34,09/17/2020 06:28:11,Open
2793,6789,Which party will win the 2020 House race in Iowa's 2nd District?,https://www.predictit.org/markets/detail/6789/Which-party-will-win-the-2020-House-race-in-Iowa's-2nd-District,23208,Democratic,0.66,0.35,0.65,0.34,09/17/2020 06:32:09,Open
2794,6789,Which party will win the 2020 House race in Iowa's 2nd District?,https://www.predictit.org/markets/detail/6789/Which-party-will-win-the-2020-House-race-in-Iowa's-2nd-District,23208,Democratic,0.66,0.35,0.65,0.34,09/17/2020 06:36:03,Open
2795,6789,Which party will win the 2020 House race in Iowa's 2nd District?,https://www.predictit.org/markets/detail/6789/Which-party-will-win-the-2020-House-race-in-Iowa's-2nd-District,23208,Democratic,0.66,0.35,0.65,0.34,09/17/2020 06:39:59,Open
2796,6789,Which party will win the 2020 House race in Iowa's 2nd District?,https://www.predictit.org/markets/detail/6789/Which-party-will-win-the-2020-House-race-in-Iowa's-2nd-District,23208,Democratic,0.66,0.35,0.65,0.34,09/17/2020 06:43:54,Open
2797,6789,Which party will win the 2020 House race in Iowa's 2nd District?,https://www.predictit.org/markets/detail/6789/Which-party-will-win-the-2020-House-race-in-Iowa's-2nd-District,23208,Democratic,0.66,0.35,0.65,0.34,09/17/2020 06:47:51,Open
2798,6789,Which party will win the 2020 House race in Iowa's 2nd District?,https://www.predictit.org/markets/detail/6789/Which-party-will-win-the-2020-House-race-in-Iowa's-2nd-District,23208,Democratic,0.66,0.35,0.65,0.34,09/17/2020 06:51:53,Open
2799,6789,Which party will win the 2020 House race in Iowa's 2nd District?,https://www.predictit.org/markets/detail/6789/Which-party-will-win-the-2020-House-race-in-Iowa's-2nd-District,23208,Democratic,0.66,0.35,0.65,0.34,09/17/2020 06:55:49,Open
2800,6789,Which party will win the 2020 House race in Iowa's 2nd District?,https://www.predictit.org/markets/detail/6789/Which-party-will-win-the-2020-House-race-in-Iowa's-2nd-District,23208,Democratic,0.66,0.35,0.65,0.34,09/17/2020 06:59:48,Open
2801,6789,Which party will win the 2020 House race in Iowa's 2nd District?,https://www.predictit.org/markets/detail/6789/Which-party-will-win-the-2020-House-race-in-Iowa's-2nd-District,23208,Democratic,0.66,0.35,0.65,0.34,09/17/2020 07:03:49,Open
2802,6789,Which party will win the 2020 House race in Iowa's 2nd District?,https://www.predictit.org/markets/detail/6789/Which-party-will-win-the-2020-House-race-in-Iowa's-2nd-District,23208,Democratic,0.66,0.35,0.65,0.34,09/17/2020 07:07:43,Open
2803,6789,Which party will win the 2020 House race in Iowa's 2nd District?,https://www.predictit.org/markets/detail/6789/Which-party-will-win-the-2020-House-race-in-Iowa's-2nd-District,23208,Democratic,0.66,0.35,0.65,0.34,09/17/2020 07:11:40,Open
2804,6789,Which party will win the 2020 House race in Iowa's 2nd District?,https://www.predictit.org/markets/detail/6789/Which-party-will-win-the-2020-House-race-in-Iowa's-2nd-District,23208,Democratic,0.66,0.35,0.65,0.34,09/17/2020 07:15:34,Open
2805,6789,Which party will win the 2020 House race in Iowa's 2nd District?,https://www.predictit.org/markets/detail/6789/Which-party-will-win-the-2020-House-race-in-Iowa's-2nd-District,23208,Democratic,0.66,0.35,0.65,0.34,09/17/2020 07:19:28,Open
2806,6789,Which party will win the 2020 House race in Iowa's 2nd District?,https://www.predictit.org/markets/detail/6789/Which-party-will-win-the-2020-House-race-in-Iowa's-2nd-District,23208,Democratic,0.66,0.35,0.65,0.34,09/17/2020 07:23:25,Open
2807,6789,Which party will win the 2020 House race in Iowa's 2nd District?,https://www.predictit.org/markets/detail/6789/Which-party-will-win-the-2020-House-race-in-Iowa's-2nd-District,23208,Democratic,0.66,0.35,0.65,0.34,09/17/2020 07:27:21,Open
2808,6789,Which party will win the 2020 House race in Iowa's 2nd District?,https://www.predictit.org/markets/detail/6789/Which-party-will-win-the-2020-House-race-in-Iowa's-2nd-District,23208,Democratic,0.66,0.35,0.65,0.34,09/17/2020 07:31:17,Open
2809,6789,Which party will win the 2020 House race in Iowa's 2nd District?,https://www.predictit.org/markets/detail/6789/Which-party-will-win-the-2020-House-race-in-Iowa's-2nd-District,23208,Democratic,0.66,0.35,0.65,0.34,09/17/2020 07:35:15,Open
2810,6789,Which party will win the 2020 House race in Iowa's 2nd District?,https://www.predictit.org/markets/detail/6789/Which-party-will-win-the-2020-House-race-in-Iowa's-2nd-District,23208,Democratic,0.66,0.35,0.65,0.34,09/17/2020 07:39:10,Open
2811,6789,Which party will win the 2020 House race in Iowa's 2nd District?,https://www.predictit.org/markets/detail/6789/Which-party-will-win-the-2020-House-race-in-Iowa's-2nd-District,23208,Democratic,0.66,0.35,0.65,0.34,09/17/2020 07:43:09,Open
2812,6789,Which party will win the 2020 House race in Iowa's 2nd District?,https://www.predictit.org/markets/detail/6789/Which-party-will-win-the-2020-House-race-in-Iowa's-2nd-District,23208,Democratic,0.66,0.35,0.65,0.34,09/17/2020 07:47:04,Open
2813,6789,Which party will win the 2020 House race in Iowa's 2nd District?,https://www.predictit.org/markets/detail/6789/Which-party-will-win-the-2020-House-race-in-Iowa's-2nd-District,23208,Democratic,0.66,0.35,0.65,0.34,09/17/2020 07:50:58,Open
2814,6789,Which party will win the 2020 House race in Iowa's 2nd District?,https://www.predictit.org/markets/detail/6789/Which-party-will-win-the-2020-House-race-in-Iowa's-2nd-District,23208,Democratic,0.66,0.35,0.65,0.34,09/17/2020 07:54:54,Open
2815,6789,Which party will win the 2020 House race in Iowa's 2nd District?,https://www.predictit.org/markets/detail/6789/Which-party-will-win-the-2020-House-race-in-Iowa's-2nd-District,23208,Democratic,0.66,0.35,0.65,0.34,09/17/2020 07:58:50,Open
2816,6789,Which party will win the 2020 House race in Iowa's 2nd District?,https://www.predictit.org/markets/detail/6789/Which-party-will-win-the-2020-House-race-in-Iowa's-2nd-District,23208,Democratic,0.66,0.35,0.65,0.34,09/17/2020 08:02:49,Open
2817,6789,Which party will win the 2020 House race in Iowa's 2nd District?,https://www.predictit.org/markets/detail/6789/Which-party-will-win-the-2020-House-race-in-Iowa's-2nd-District,23208,Democratic,0.66,0.35,0.65,0.34,09/17/2020 08:06:46,Open
2818,6789,Which party will win the 2020 House race in Iowa's 2nd District?,https://www.predictit.org/markets/detail/6789/Which-party-will-win-the-2020-House-race-in-Iowa's-2nd-District,23208,Democratic,0.66,0.35,0.65,0.34,09/17/2020 08:10:40,Open
2819,6789,Which party will win the 2020 House race in Iowa's 2nd District?,https://www.predictit.org/markets/detail/6789/Which-party-will-win-the-2020-House-race-in-Iowa's-2nd-District,23208,Democratic,0.66,0.35,0.65,0.34,09/17/2020 08:14:36,Open
2820,6789,Which party will win the 2020 House race in Iowa's 2nd District?,https://www.predictit.org/markets/detail/6789/Which-party-will-win-the-2020-House-race-in-Iowa's-2nd-District,23208,Democratic,0.66,0.35,0.65,0.34,09/17/2020 08:18:32,Open
2821,6789,Which party will win the 2020 House race in Iowa's 2nd District?,https://www.predictit.org/markets/detail/6789/Which-party-will-win-the-2020-House-race-in-Iowa's-2nd-District,23208,Democratic,0.66,0.35,0.65,0.34,09/17/2020 08:22:28,Open
2822,6789,Which party will win the 2020 House race in Iowa's 2nd District?,https://www.predictit.org/markets/detail/6789/Which-party-will-win-the-2020-House-race-in-Iowa's-2nd-District,23208,Democratic,0.66,0.35,0.65,0.34,09/17/2020 08:26:23,Open
2823,6789,Which party will win the 2020 House race in Iowa's 2nd District?,https://www.predictit.org/markets/detail/6789/Which-party-will-win-the-2020-House-race-in-Iowa's-2nd-District,23208,Democratic,0.66,0.35,0.65,0.34,09/17/2020 08:30:20,Open
2824,6789,Which party will win the 2020 House race in Iowa's 2nd District?,https://www.predictit.org/markets/detail/6789/Which-party-will-win-the-2020-House-race-in-Iowa's-2nd-District,23208,Democratic,0.66,0.35,0.65,0.34,09/17/2020 08:34:16,Open
2825,6789,Which party will win the 2020 House race in Iowa's 2nd District?,https://www.predictit.org/markets/detail/6789/Which-party-will-win-the-2020-House-race-in-Iowa's-2nd-District,23208,Democratic,0.66,0.35,0.65,0.34,09/17/2020 08:38:09,Open
2826,6789,Which party will win the 2020 House race in Iowa's 2nd District?,https://www.predictit.org/markets/detail/6789/Which-party-will-win-the-2020-House-race-in-Iowa's-2nd-District,23208,Democratic,0.66,0.35,0.65,0.34,09/17/2020 08:42:07,Open
2827,6789,Which party will win the 2020 House race in Iowa's 2nd District?,https://www.predictit.org/markets/detail/6789/Which-party-will-win-the-2020-House-race-in-Iowa's-2nd-District,23208,Democratic,0.66,0.35,0.65,0.34,09/17/2020 08:46:03,Open
2828,6789,Which party will win the 2020 House race in Iowa's 2nd District?,https://www.predictit.org/markets/detail/6789/Which-party-will-win-the-2020-House-race-in-Iowa's-2nd-District,23208,Democratic,0.66,0.35,0.65,0.34,09/17/2020 08:49:59,Open
2829,6789,Which party will win the 2020 House race in Iowa's 2nd District?,https://www.predictit.org/markets/detail/6789/Which-party-will-win-the-2020-House-race-in-Iowa's-2nd-District,23208,Democratic,0.66,0.35,0.65,0.34,09/17/2020 08:53:55,Open
2830,6789,Which party will win the 2020 House race in Iowa's 2nd District?,https://www.predictit.org/markets/detail/6789/Which-party-will-win-the-2020-House-race-in-Iowa's-2nd-District,23208,Democratic,0.66,0.35,0.65,0.34,09/17/2020 08:57:52,Open
2831,6789,Which party will win the 2020 House race in Iowa's 2nd District?,https://www.predictit.org/markets/detail/6789/Which-party-will-win-the-2020-House-race-in-Iowa's-2nd-District,23208,Democratic,0.66,0.35,0.65,0.34,09/17/2020 09:01:50,Open
2832,6789,Which party will win the 2020 House race in Iowa's 2nd District?,https://www.predictit.org/markets/detail/6789/Which-party-will-win-the-2020-House-race-in-Iowa's-2nd-District,23208,Democratic,0.66,0.35,0.65,0.34,09/17/2020 09:05:50,Open
2833,6789,Which party will win the 2020 House race in Iowa's 2nd District?,https://www.predictit.org/markets/detail/6789/Which-party-will-win-the-2020-House-race-in-Iowa's-2nd-District,23208,Democratic,0.66,0.35,0.65,0.34,09/17/2020 09:09:48,Open
2834,6789,Which party will win the 2020 House race in Iowa's 2nd District?,https://www.predictit.org/markets/detail/6789/Which-party-will-win-the-2020-House-race-in-Iowa's-2nd-District,23208,Democratic,0.66,0.35,0.65,0.34,09/17/2020 09:13:49,Open
2835,6789,Which party will win the 2020 House race in Iowa's 2nd District?,https://www.predictit.org/markets/detail/6789/Which-party-will-win-the-2020-House-race-in-Iowa's-2nd-District,23208,Democratic,0.66,0.35,0.65,0.34,09/17/2020 09:17:44,Open
2836,6789,Which party will win the 2020 House race in Iowa's 2nd District?,https://www.predictit.org/markets/detail/6789/Which-party-will-win-the-2020-House-race-in-Iowa's-2nd-District,23208,Democratic,0.66,0.35,0.65,0.34,09/17/2020 09:21:40,Open
2837,6789,Which party will win the 2020 House race in Iowa's 2nd District?,https://www.predictit.org/markets/detail/6789/Which-party-will-win-the-2020-House-race-in-Iowa's-2nd-District,23208,Democratic,0.66,0.35,0.65,0.34,09/17/2020 09:25:41,Open
2838,6789,Which party will win the 2020 House race in Iowa's 2nd District?,https://www.predictit.org/markets/detail/6789/Which-party-will-win-the-2020-House-race-in-Iowa's-2nd-District,23208,Democratic,0.66,0.35,0.65,0.34,09/17/2020 09:29:42,Open
2839,6789,Which party will win the 2020 House race in Iowa's 2nd District?,https://www.predictit.org/markets/detail/6789/Which-party-will-win-the-2020-House-race-in-Iowa's-2nd-District,23208,Democratic,0.66,0.35,0.65,0.34,09/17/2020 09:33:47,Open
2840,6789,Which party will win the 2020 House race in Iowa's 2nd District?,https://www.predictit.org/markets/detail/6789/Which-party-will-win-the-2020-House-race-in-Iowa's-2nd-District,23208,Democratic,0.66,0.35,0.65,0.34,09/17/2020 09:37:45,Open
2841,6789,Which party will win the 2020 House race in Iowa's 2nd District?,https://www.predictit.org/markets/detail/6789/Which-party-will-win-the-2020-House-race-in-Iowa's-2nd-District,23208,Democratic,0.66,0.35,0.65,0.34,09/17/2020 09:41:46,Open
2842,6789,Which party will win the 2020 House race in Iowa's 2nd District?,https://www.predictit.org/markets/detail/6789/Which-party-will-win-the-2020-House-race-in-Iowa's-2nd-District,23208,Democratic,0.66,0.35,0.65,0.34,09/17/2020 09:45:46,Open
2843,6789,Which party will win the 2020 House race in Iowa's 2nd District?,https://www.predictit.org/markets/detail/6789/Which-party-will-win-the-2020-House-race-in-Iowa's-2nd-District,23208,Democratic,0.66,0.35,0.65,0.34,09/17/2020 09:49:44,Open
2844,6789,Which party will win the 2020 House race in Iowa's 2nd District?,https://www.predictit.org/markets/detail/6789/Which-party-will-win-the-2020-House-race-in-Iowa's-2nd-District,23208,Democratic,0.66,0.35,0.65,0.34,09/17/2020 09:53:43,Open
2845,6789,Which party will win the 2020 House race in Iowa's 2nd District?,https://www.predictit.org/markets/detail/6789/Which-party-will-win-the-2020-House-race-in-Iowa's-2nd-District,23208,Democratic,0.66,0.35,0.65,0.34,09/17/2020 09:57:39,Open
2846,6789,Which party will win the 2020 House race in Iowa's 2nd District?,https://www.predictit.org/markets/detail/6789/Which-party-will-win-the-2020-House-race-in-Iowa's-2nd-District,23208,Democratic,0.66,0.35,0.65,0.34,09/17/2020 10:01:39,Open
2847,6789,Which party will win the 2020 House race in Iowa's 2nd District?,https://www.predictit.org/markets/detail/6789/Which-party-will-win-the-2020-House-race-in-Iowa's-2nd-District,23208,Democratic,0.66,0.35,0.65,0.34,09/17/2020 10:05:37,Open
2848,6789,Which party will win the 2020 House race in Iowa's 2nd District?,https://www.predictit.org/markets/detail/6789/Which-party-will-win-the-2020-House-race-in-Iowa's-2nd-District,23208,Democratic,0.66,0.35,0.65,0.34,09/17/2020 10:09:34,Open
2849,6789,Which party will win the 2020 House race in Iowa's 2nd District?,https://www.predictit.org/markets/detail/6789/Which-party-will-win-the-2020-House-race-in-Iowa's-2nd-District,23208,Democratic,0.66,0.35,0.65,0.34,09/17/2020 10:13:35,Open
2850,6789,Which party will win the 2020 House race in Iowa's 2nd District?,https://www.predictit.org/markets/detail/6789/Which-party-will-win-the-2020-House-race-in-Iowa's-2nd-District,23208,Democratic,0.66,0.35,0.65,0.34,09/17/2020 10:17:34,Open
2851,6789,Which party will win the 2020 House race in Iowa's 2nd District?,https://www.predictit.org/markets/detail/6789/Which-party-will-win-the-2020-House-race-in-Iowa's-2nd-District,23208,Democratic,0.66,0.35,0.65,0.34,09/17/2020 10:21:32,Open
2852,6789,Which party will win the 2020 House race in Iowa's 2nd District?,https://www.predictit.org/markets/detail/6789/Which-party-will-win-the-2020-House-race-in-Iowa's-2nd-District,23208,Democratic,0.66,0.35,0.65,0.34,09/17/2020 10:25:34,Open
2853,6789,Which party will win the 2020 House race in Iowa's 2nd District?,https://www.predictit.org/markets/detail/6789/Which-party-will-win-the-2020-House-race-in-Iowa's-2nd-District,23208,Democratic,0.66,0.35,0.65,0.34,09/17/2020 10:29:33,Open
2854,6789,Which party will win the 2020 House race in Iowa's 2nd District?,https://www.predictit.org/markets/detail/6789/Which-party-will-win-the-2020-House-race-in-Iowa's-2nd-District,23208,Democratic,0.66,0.35,0.65,0.34,09/17/2020 10:33:33,Open
2855,6789,Which party will win the 2020 House race in Iowa's 2nd District?,https://www.predictit.org/markets/detail/6789/Which-party-will-win-the-2020-House-race-in-Iowa's-2nd-District,23208,Democratic,0.66,0.35,0.65,0.34,09/17/2020 10:37:32,Open
2856,6789,Which party will win the 2020 House race in Iowa's 2nd District?,https://www.predictit.org/markets/detail/6789/Which-party-will-win-the-2020-House-race-in-Iowa's-2nd-District,23208,Democratic,0.66,0.35,0.65,0.34,09/17/2020 10:41:27,Open
2857,6789,Which party will win the 2020 House race in Iowa's 2nd District?,https://www.predictit.org/markets/detail/6789/Which-party-will-win-the-2020-House-race-in-Iowa's-2nd-District,23208,Democratic,0.66,0.35,0.65,0.34,09/17/2020 10:45:29,Open
2858,6789,Which party will win the 2020 House race in Iowa's 2nd District?,https://www.predictit.org/markets/detail/6789/Which-party-will-win-the-2020-House-race-in-Iowa's-2nd-District,23208,Democratic,0.66,0.35,0.65,0.34,09/17/2020 10:49:31,Open
2859,6789,Which party will win the 2020 House race in Iowa's 2nd District?,https://www.predictit.org/markets/detail/6789/Which-party-will-win-the-2020-House-race-in-Iowa's-2nd-District,23208,Democratic,0.66,0.35,0.65,0.34,09/17/2020 10:53:29,Open
2860,6789,Which party will win the 2020 House race in Iowa's 2nd District?,https://www.predictit.org/markets/detail/6789/Which-party-will-win-the-2020-House-race-in-Iowa's-2nd-District,23208,Democratic,0.66,0.35,0.65,0.34,09/17/2020 10:57:30,Open
2861,6789,Which party will win the 2020 House race in Iowa's 2nd District?,https://www.predictit.org/markets/detail/6789/Which-party-will-win-the-2020-House-race-in-Iowa's-2nd-District,23208,Democratic,0.66,0.35,0.65,0.34,09/17/2020 11:01:28,Open
2862,6789,Which party will win the 2020 House race in Iowa's 2nd District?,https://www.predictit.org/markets/detail/6789/Which-party-will-win-the-2020-House-race-in-Iowa's-2nd-District,23208,Democratic,0.66,0.35,0.65,0.34,09/17/2020 11:05:28,Open
2863,6789,Which party will win the 2020 House race in Iowa's 2nd District?,https://www.predictit.org/markets/detail/6789/Which-party-will-win-the-2020-House-race-in-Iowa's-2nd-District,23208,Democratic,0.66,0.35,0.65,0.34,09/17/2020 11:09:25,Open
2864,6789,Which party will win the 2020 House race in Iowa's 2nd District?,https://www.predictit.org/markets/detail/6789/Which-party-will-win-the-2020-House-race-in-Iowa's-2nd-District,23208,Democratic,0.66,0.35,0.65,0.34,09/17/2020 11:13:23,Open
2865,6789,Which party will win the 2020 House race in Iowa's 2nd District?,https://www.predictit.org/markets/detail/6789/Which-party-will-win-the-2020-House-race-in-Iowa's-2nd-District,23208,Democratic,0.66,0.35,0.65,0.34,09/17/2020 11:17:23,Open
2866,6789,Which party will win the 2020 House race in Iowa's 2nd District?,https://www.predictit.org/markets/detail/6789/Which-party-will-win-the-2020-House-race-in-Iowa's-2nd-District,23208,Democratic,0.66,0.35,0.65,0.34,09/17/2020 11:21:21,Open
2867,6789,Which party will win the 2020 House race in Iowa's 2nd District?,https://www.predictit.org/markets/detail/6789/Which-party-will-win-the-2020-House-race-in-Iowa's-2nd-District,23208,Democratic,0.66,0.35,0.65,0.34,09/17/2020 11:25:20,Open
2868,6789,Which party will win the 2020 House race in Iowa's 2nd District?,https://www.predictit.org/markets/detail/6789/Which-party-will-win-the-2020-House-race-in-Iowa's-2nd-District,23208,Democratic,0.66,0.35,0.65,0.34,09/17/2020 11:29:18,Open
2869,6789,Which party will win the 2020 House race in Iowa's 2nd District?,https://www.predictit.org/markets/detail/6789/Which-party-will-win-the-2020-House-race-in-Iowa's-2nd-District,23208,Democratic,0.66,0.35,0.65,0.34,09/17/2020 11:33:19,Open
2870,6789,Which party will win the 2020 House race in Iowa's 2nd District?,https://www.predictit.org/markets/detail/6789/Which-party-will-win-the-2020-House-race-in-Iowa's-2nd-District,23208,Democratic,0.66,0.35,0.65,0.34,09/17/2020 11:37:18,Open
2871,6789,Which party will win the 2020 House race in Iowa's 2nd District?,https://www.predictit.org/markets/detail/6789/Which-party-will-win-the-2020-House-race-in-Iowa's-2nd-District,23208,Democratic,0.66,0.35,0.65,0.34,09/17/2020 11:41:19,Open
2872,6789,Which party will win the 2020 House race in Iowa's 2nd District?,https://www.predictit.org/markets/detail/6789/Which-party-will-win-the-2020-House-race-in-Iowa's-2nd-District,23208,Democratic,0.66,0.35,0.65,0.34,09/17/2020 11:45:22,Open
2873,6789,Which party will win the 2020 House race in Iowa's 2nd District?,https://www.predictit.org/markets/detail/6789/Which-party-will-win-the-2020-House-race-in-Iowa's-2nd-District,23208,Democratic,0.66,0.35,0.65,0.34,09/17/2020 11:49:21,Open
2874,6789,Which party will win the 2020 House race in Iowa's 2nd District?,https://www.predictit.org/markets/detail/6789/Which-party-will-win-the-2020-House-race-in-Iowa's-2nd-District,23208,Democratic,0.66,0.35,0.65,0.34,09/17/2020 11:53:17,Open
2875,6789,Which party will win the 2020 House race in Iowa's 2nd District?,https://www.predictit.org/markets/detail/6789/Which-party-will-win-the-2020-House-race-in-Iowa's-2nd-District,23208,Democratic,0.66,0.35,0.65,0.34,09/17/2020 11:57:20,Open
2876,6789,Which party will win the 2020 House race in Iowa's 2nd District?,https://www.predictit.org/markets/detail/6789/Which-party-will-win-the-2020-House-race-in-Iowa's-2nd-District,23208,Democratic,0.66,0.35,0.65,0.34,09/17/2020 12:01:19,Open
2877,6789,Which party will win the 2020 House race in Iowa's 2nd District?,https://www.predictit.org/markets/detail/6789/Which-party-will-win-the-2020-House-race-in-Iowa's-2nd-District,23208,Democratic,0.66,0.35,0.65,0.34,09/17/2020 12:05:20,Open
2878,6789,Which party will win the 2020 House race in Iowa's 2nd District?,https://www.predictit.org/markets/detail/6789/Which-party-will-win-the-2020-House-race-in-Iowa's-2nd-District,23208,Democratic,0.66,0.35,0.65,0.34,09/17/2020 12:09:17,Open
2879,6789,Which party will win the 2020 House race in Iowa's 2nd District?,https://www.predictit.org/markets/detail/6789/Which-party-will-win-the-2020-House-race-in-Iowa's-2nd-District,23208,Democratic,0.66,0.35,0.65,0.34,09/17/2020 12:13:16,Open
2880,6789,Which party will win the 2020 House race in Iowa's 2nd District?,https://www.predictit.org/markets/detail/6789/Which-party-will-win-the-2020-House-race-in-Iowa's-2nd-District,23208,Democratic,0.66,0.35,0.65,0.34,09/17/2020 12:17:16,Open
2881,6789,Which party will win the 2020 House race in Iowa's 2nd District?,https://www.predictit.org/markets/detail/6789/Which-party-will-win-the-2020-House-race-in-Iowa's-2nd-District,23208,Democratic,0.66,0.35,0.65,0.34,09/17/2020 12:21:14,Open
2882,6789,Which party will win the 2020 House race in Iowa's 2nd District?,https://www.predictit.org/markets/detail/6789/Which-party-will-win-the-2020-House-race-in-Iowa's-2nd-District,23208,Democratic,0.66,0.35,0.65,0.34,09/17/2020 12:25:12,Open
2883,6789,Which party will win the 2020 House race in Iowa's 2nd District?,https://www.predictit.org/markets/detail/6789/Which-party-will-win-the-2020-House-race-in-Iowa's-2nd-District,23208,Democratic,0.66,0.35,0.65,0.34,09/17/2020 12:29:15,Open
2884,6789,Which party will win the 2020 House race in Iowa's 2nd District?,https://www.predictit.org/markets/detail/6789/Which-party-will-win-the-2020-House-race-in-Iowa's-2nd-District,23208,Democratic,0.66,0.35,0.65,0.34,09/17/2020 12:33:17,Open
2885,6789,Which party will win the 2020 House race in Iowa's 2nd District?,https://www.predictit.org/markets/detail/6789/Which-party-will-win-the-2020-House-race-in-Iowa's-2nd-District,23208,Democratic,0.66,0.35,0.65,0.34,09/17/2020 12:37:18,Open
2886,6789,Which party will win the 2020 House race in Iowa's 2nd District?,https://www.predictit.org/markets/detail/6789/Which-party-will-win-the-2020-House-race-in-Iowa's-2nd-District,23208,Democratic,0.66,0.35,0.65,0.34,09/17/2020 12:41:17,Open
2887,6789,Which party will win the 2020 House race in Iowa's 2nd District?,https://www.predictit.org/markets/detail/6789/Which-party-will-win-the-2020-House-race-in-Iowa's-2nd-District,23208,Democratic,0.66,0.35,0.65,0.34,09/17/2020 12:45:19,Open
2888,6789,Which party will win the 2020 House race in Iowa's 2nd District?,https://www.predictit.org/markets/detail/6789/Which-party-will-win-the-2020-House-race-in-Iowa's-2nd-District,23208,Democratic,0.66,0.35,0.65,0.34,09/17/2020 12:49:20,Open
2889,6789,Which party will win the 2020 House race in Iowa's 2nd District?,https://www.predictit.org/markets/detail/6789/Which-party-will-win-the-2020-House-race-in-Iowa's-2nd-District,23208,Democratic,0.66,0.35,0.65,0.34,09/17/2020 12:53:20,Open
2890,6789,Which party will win the 2020 House race in Iowa's 2nd District?,https://www.predictit.org/markets/detail/6789/Which-party-will-win-the-2020-House-race-in-Iowa's-2nd-District,23208,Democratic,0.66,0.35,0.65,0.34,09/17/2020 12:57:19,Open
2891,6789,Which party will win the 2020 House race in Iowa's 2nd District?,https://www.predictit.org/markets/detail/6789/Which-party-will-win-the-2020-House-race-in-Iowa's-2nd-District,23208,Democratic,0.66,0.35,0.65,0.34,09/17/2020 13:01:18,Open
2892,6789,Which party will win the 2020 House race in Iowa's 2nd District?,https://www.predictit.org/markets/detail/6789/Which-party-will-win-the-2020-House-race-in-Iowa's-2nd-District,23208,Democratic,0.66,0.35,0.65,0.34,09/17/2020 13:05:17,Open
2893,6789,Which party will win the 2020 House race in Iowa's 2nd District?,https://www.predictit.org/markets/detail/6789/Which-party-will-win-the-2020-House-race-in-Iowa's-2nd-District,23208,Democratic,0.66,0.35,0.65,0.34,09/17/2020 13:09:20,Open
2894,6789,Which party will win the 2020 House race in Iowa's 2nd District?,https://www.predictit.org/markets/detail/6789/Which-party-will-win-the-2020-House-race-in-Iowa's-2nd-District,23208,Democratic,0.66,0.35,0.65,0.34,09/17/2020 13:13:21,Open
2895,6789,Which party will win the 2020 House race in Iowa's 2nd District?,https://www.predictit.org/markets/detail/6789/Which-party-will-win-the-2020-House-race-in-Iowa's-2nd-District,23208,Democratic,0.66,0.35,0.65,0.34,09/17/2020 13:17:22,Open
2896,6789,Which party will win the 2020 House race in Iowa's 2nd District?,https://www.predictit.org/markets/detail/6789/Which-party-will-win-the-2020-House-race-in-Iowa's-2nd-District,23208,Democratic,0.66,0.35,0.65,0.34,09/17/2020 13:21:22,Open
2897,6789,Which party will win the 2020 House race in Iowa's 2nd District?,https://www.predictit.org/markets/detail/6789/Which-party-will-win-the-2020-House-race-in-Iowa's-2nd-District,23208,Democratic,0.66,0.35,0.65,0.34,09/17/2020 13:25:24,Open
2898,6789,Which party will win the 2020 House race in Iowa's 2nd District?,https://www.predictit.org/markets/detail/6789/Which-party-will-win-the-2020-House-race-in-Iowa's-2nd-District,23208,Democratic,0.66,0.35,0.65,0.34,09/17/2020 13:29:23,Open
2899,6789,Which party will win the 2020 House race in Iowa's 2nd District?,https://www.predictit.org/markets/detail/6789/Which-party-will-win-the-2020-House-race-in-Iowa's-2nd-District,23208,Democratic,0.66,0.35,0.65,0.34,09/17/2020 13:33:24,Open
2900,6789,Which party will win the 2020 House race in Iowa's 2nd District?,https://www.predictit.org/markets/detail/6789/Which-party-will-win-the-2020-House-race-in-Iowa's-2nd-District,23208,Democratic,0.66,0.35,0.65,0.34,09/17/2020 13:37:28,Open
2901,6789,Which party will win the 2020 House race in Iowa's 2nd District?,https://www.predictit.org/markets/detail/6789/Which-party-will-win-the-2020-House-race-in-Iowa's-2nd-District,23208,Democratic,0.66,0.35,0.65,0.34,09/17/2020 13:41:25,Open
2902,6789,Which party will win the 2020 House race in Iowa's 2nd District?,https://www.predictit.org/markets/detail/6789/Which-party-will-win-the-2020-House-race-in-Iowa's-2nd-District,23208,Democratic,0.66,0.35,0.65,0.34,09/17/2020 13:45:26,Open
2903,6789,Which party will win the 2020 House race in Iowa's 2nd District?,https://www.predictit.org/markets/detail/6789/Which-party-will-win-the-2020-House-race-in-Iowa's-2nd-District,23208,Democratic,0.66,0.35,0.65,0.34,09/17/2020 13:49:32,Open
2904,6789,Which party will win the 2020 House race in Iowa's 2nd District?,https://www.predictit.org/markets/detail/6789/Which-party-will-win-the-2020-House-race-in-Iowa's-2nd-District,23208,Democratic,0.66,0.35,0.65,0.34,09/17/2020 13:53:35,Open
2905,6789,Which party will win the 2020 House race in Iowa's 2nd District?,https://www.predictit.org/markets/detail/6789/Which-party-will-win-the-2020-House-race-in-Iowa's-2nd-District,23208,Democratic,0.66,0.35,0.65,0.34,09/17/2020 13:57:38,Open
2906,6789,Which party will win the 2020 House race in Iowa's 2nd District?,https://www.predictit.org/markets/detail/6789/Which-party-will-win-the-2020-House-race-in-Iowa's-2nd-District,23208,Democratic,0.66,0.35,0.65,0.34,09/17/2020 14:01:40,Open
2907,6789,Which party will win the 2020 House race in Iowa's 2nd District?,https://www.predictit.org/markets/detail/6789/Which-party-will-win-the-2020-House-race-in-Iowa's-2nd-District,23208,Democratic,0.66,0.35,0.65,0.34,09/17/2020 14:05:42,Open
2908,6789,Which party will win the 2020 House race in Iowa's 2nd District?,https://www.predictit.org/markets/detail/6789/Which-party-will-win-the-2020-House-race-in-Iowa's-2nd-District,23208,Democratic,0.66,0.35,0.65,0.34,09/17/2020 14:09:46,Open
2909,6789,Which party will win the 2020 House race in Iowa's 2nd District?,https://www.predictit.org/markets/detail/6789/Which-party-will-win-the-2020-House-race-in-Iowa's-2nd-District,23208,Democratic,0.66,0.35,0.65,0.34,09/17/2020 14:13:47,Open
2910,6789,Which party will win the 2020 House race in Iowa's 2nd District?,https://www.predictit.org/markets/detail/6789/Which-party-will-win-the-2020-House-race-in-Iowa's-2nd-District,23208,Democratic,0.66,0.35,0.65,0.34,09/17/2020 14:17:52,Open
2911,6789,Which party will win the 2020 House race in Iowa's 2nd District?,https://www.predictit.org/markets/detail/6789/Which-party-will-win-the-2020-House-race-in-Iowa's-2nd-District,23208,Democratic,0.66,0.35,0.65,0.34,09/17/2020 14:21:55,Open
2912,6789,Which party will win the 2020 House race in Iowa's 2nd District?,https://www.predictit.org/markets/detail/6789/Which-party-will-win-the-2020-House-race-in-Iowa's-2nd-District,23208,Democratic,0.66,0.35,0.65,0.34,09/17/2020 14:25:56,Open
2913,6789,Which party will win the 2020 House race in Iowa's 2nd District?,https://www.predictit.org/markets/detail/6789/Which-party-will-win-the-2020-House-race-in-Iowa's-2nd-District,23208,Democratic,0.66,0.35,0.65,0.34,09/17/2020 14:29:57,Open
2914,6789,Which party will win the 2020 House race in Iowa's 2nd District?,https://www.predictit.org/markets/detail/6789/Which-party-will-win-the-2020-House-race-in-Iowa's-2nd-District,23208,Democratic,0.66,0.35,0.65,0.34,09/17/2020 14:34:00,Open
2915,6789,Which party will win the 2020 House race in Iowa's 2nd District?,https://www.predictit.org/markets/detail/6789/Which-party-will-win-the-2020-House-race-in-Iowa's-2nd-District,23208,Democratic,0.66,0.35,0.65,0.34,09/17/2020 14:38:04,Open
2916,6789,Which party will win the 2020 House race in Iowa's 2nd District?,https://www.predictit.org/markets/detail/6789/Which-party-will-win-the-2020-House-race-in-Iowa's-2nd-District,23208,Democratic,0.66,0.35,0.65,0.34,09/17/2020 14:42:06,Open
2917,6789,Which party will win the 2020 House race in Iowa's 2nd District?,https://www.predictit.org/markets/detail/6789/Which-party-will-win-the-2020-House-race-in-Iowa's-2nd-District,23208,Democratic,0.66,0.35,0.65,0.34,09/17/2020 14:46:06,Open
2918,6789,Which party will win the 2020 House race in Iowa's 2nd District?,https://www.predictit.org/markets/detail/6789/Which-party-will-win-the-2020-House-race-in-Iowa's-2nd-District,23208,Democratic,0.66,0.35,0.65,0.34,09/17/2020 14:50:13,Open
2919,6789,Which party will win the 2020 House race in Iowa's 2nd District?,https://www.predictit.org/markets/detail/6789/Which-party-will-win-the-2020-House-race-in-Iowa's-2nd-District,23208,Democratic,0.66,0.35,0.65,0.34,09/17/2020 14:54:17,Open
2920,6789,Which party will win the 2020 House race in Iowa's 2nd District?,https://www.predictit.org/markets/detail/6789/Which-party-will-win-the-2020-House-race-in-Iowa's-2nd-District,23208,Democratic,0.66,0.35,0.65,0.34,09/17/2020 14:58:22,Open
2921,6789,Which party will win the 2020 House race in Iowa's 2nd District?,https://www.predictit.org/markets/detail/6789/Which-party-will-win-the-2020-House-race-in-Iowa's-2nd-District,23208,Democratic,0.66,0.35,0.65,0.34,09/17/2020 15:02:23,Open
2922,6789,Which party will win the 2020 House race in Iowa's 2nd District?,https://www.predictit.org/markets/detail/6789/Which-party-will-win-the-2020-House-race-in-Iowa's-2nd-District,23208,Democratic,0.66,0.35,0.65,0.34,09/17/2020 15:06:28,Open
2923,6789,Which party will win the 2020 House race in Iowa's 2nd District?,https://www.predictit.org/markets/detail/6789/Which-party-will-win-the-2020-House-race-in-Iowa's-2nd-District,23208,Democratic,0.66,0.35,0.65,0.34,09/17/2020 15:10:36,Open
2924,6789,Which party will win the 2020 House race in Iowa's 2nd District?,https://www.predictit.org/markets/detail/6789/Which-party-will-win-the-2020-House-race-in-Iowa's-2nd-District,23208,Democratic,0.66,0.35,0.65,0.34,09/17/2020 15:14:40,Open
2925,6789,Which party will win the 2020 House race in Iowa's 2nd District?,https://www.predictit.org/markets/detail/6789/Which-party-will-win-the-2020-House-race-in-Iowa's-2nd-District,23208,Democratic,0.66,0.35,0.65,0.34,09/17/2020 15:18:46,Open
2926,6789,Which party will win the 2020 House race in Iowa's 2nd District?,https://www.predictit.org/markets/detail/6789/Which-party-will-win-the-2020-House-race-in-Iowa's-2nd-District,23208,Democratic,0.66,0.35,0.65,0.34,09/17/2020 15:22:50,Open
2927,6789,Which party will win the 2020 House race in Iowa's 2nd District?,https://www.predictit.org/markets/detail/6789/Which-party-will-win-the-2020-House-race-in-Iowa's-2nd-District,23208,Democratic,0.66,0.35,0.65,0.34,09/17/2020 15:26:57,Open
2928,6789,Which party will win the 2020 House race in Iowa's 2nd District?,https://www.predictit.org/markets/detail/6789/Which-party-will-win-the-2020-House-race-in-Iowa's-2nd-District,23208,Democratic,0.66,0.35,0.65,0.34,09/17/2020 15:31:07,Open
2929,6789,Which party will win the 2020 House race in Iowa's 2nd District?,https://www.predictit.org/markets/detail/6789/Which-party-will-win-the-2020-House-race-in-Iowa's-2nd-District,23208,Democratic,0.66,0.35,0.65,0.34,09/17/2020 15:35:08,Open
2930,6789,Which party will win the 2020 House race in Iowa's 2nd District?,https://www.predictit.org/markets/detail/6789/Which-party-will-win-the-2020-House-race-in-Iowa's-2nd-District,23208,Democratic,0.66,0.35,0.65,0.34,09/17/2020 15:39:16,Open
2931,6789,Which party will win the 2020 House race in Iowa's 2nd District?,https://www.predictit.org/markets/detail/6789/Which-party-will-win-the-2020-House-race-in-Iowa's-2nd-District,23208,Democratic,0.66,0.35,0.65,0.34,09/17/2020 15:43:22,Open
2932,6789,Which party will win the 2020 House race in Iowa's 2nd District?,https://www.predictit.org/markets/detail/6789/Which-party-will-win-the-2020-House-race-in-Iowa's-2nd-District,23208,Democratic,0.66,0.35,0.65,0.34,09/17/2020 15:47:29,Open
2933,6789,Which party will win the 2020 House race in Iowa's 2nd District?,https://www.predictit.org/markets/detail/6789/Which-party-will-win-the-2020-House-race-in-Iowa's-2nd-District,23208,Democratic,0.66,0.35,0.65,0.34,09/17/2020 15:51:33,Open
2934,6789,Which party will win the 2020 House race in Iowa's 2nd District?,https://www.predictit.org/markets/detail/6789/Which-party-will-win-the-2020-House-race-in-Iowa's-2nd-District,23208,Democratic,0.66,0.35,0.65,0.34,09/17/2020 15:55:38,Open
2935,6789,Which party will win the 2020 House race in Iowa's 2nd District?,https://www.predictit.org/markets/detail/6789/Which-party-will-win-the-2020-House-race-in-Iowa's-2nd-District,23208,Democratic,0.66,0.35,0.65,0.34,09/17/2020 15:59:44,Open
2936,6789,Which party will win the 2020 House race in Iowa's 2nd District?,https://www.predictit.org/markets/detail/6789/Which-party-will-win-the-2020-House-race-in-Iowa's-2nd-District,23208,Democratic,0.66,0.35,0.65,0.34,09/17/2020 16:03:47,Open
2937,6789,Which party will win the 2020 House race in Iowa's 2nd District?,https://www.predictit.org/markets/detail/6789/Which-party-will-win-the-2020-House-race-in-Iowa's-2nd-District,23208,Democratic,0.66,0.35,0.65,0.34,09/17/2020 16:07:53,Open
2938,6789,Which party will win the 2020 House race in Iowa's 2nd District?,https://www.predictit.org/markets/detail/6789/Which-party-will-win-the-2020-House-race-in-Iowa's-2nd-District,23208,Democratic,0.66,0.35,0.65,0.34,09/17/2020 16:11:59,Open
2939,6789,Which party will win the 2020 House race in Iowa's 2nd District?,https://www.predictit.org/markets/detail/6789/Which-party-will-win-the-2020-House-race-in-Iowa's-2nd-District,23208,Democratic,0.66,0.35,0.65,0.34,09/17/2020 16:16:03,Open
2940,6789,Which party will win the 2020 House race in Iowa's 2nd District?,https://www.predictit.org/markets/detail/6789/Which-party-will-win-the-2020-House-race-in-Iowa's-2nd-District,23208,Democratic,0.66,0.35,0.65,0.34,09/17/2020 16:20:09,Open
2941,6789,Which party will win the 2020 House race in Iowa's 2nd District?,https://www.predictit.org/markets/detail/6789/Which-party-will-win-the-2020-House-race-in-Iowa's-2nd-District,23208,Democratic,0.66,0.35,0.65,0.34,09/17/2020 16:24:14,Open
2942,6789,Which party will win the 2020 House race in Iowa's 2nd District?,https://www.predictit.org/markets/detail/6789/Which-party-will-win-the-2020-House-race-in-Iowa's-2nd-District,23208,Democratic,0.66,0.35,0.65,0.34,09/17/2020 16:28:20,Open
2943,6789,Which party will win the 2020 House race in Iowa's 2nd District?,https://www.predictit.org/markets/detail/6789/Which-party-will-win-the-2020-House-race-in-Iowa's-2nd-District,23208,Democratic,0.66,0.35,0.65,0.34,09/17/2020 16:32:25,Open
2944,6789,Which party will win the 2020 House race in Iowa's 2nd District?,https://www.predictit.org/markets/detail/6789/Which-party-will-win-the-2020-House-race-in-Iowa's-2nd-District,23208,Democratic,0.66,0.35,0.65,0.34,09/17/2020 16:36:30,Open
2945,6789,Which party will win the 2020 House race in Iowa's 2nd District?,https://www.predictit.org/markets/detail/6789/Which-party-will-win-the-2020-House-race-in-Iowa's-2nd-District,23208,Democratic,0.66,0.35,0.65,0.34,09/17/2020 16:40:38,Open
2946,6789,Which party will win the 2020 House race in Iowa's 2nd District?,https://www.predictit.org/markets/detail/6789/Which-party-will-win-the-2020-House-race-in-Iowa's-2nd-District,23208,Democratic,0.66,0.35,0.65,0.34,09/17/2020 16:44:43,Open
2947,6789,Which party will win the 2020 House race in Iowa's 2nd District?,https://www.predictit.org/markets/detail/6789/Which-party-will-win-the-2020-House-race-in-Iowa's-2nd-District,23208,Democratic,0.66,0.35,0.65,0.34,09/17/2020 16:48:48,Open
2948,6789,Which party will win the 2020 House race in Iowa's 2nd District?,https://www.predictit.org/markets/detail/6789/Which-party-will-win-the-2020-House-race-in-Iowa's-2nd-District,23208,Democratic,0.66,0.35,0.65,0.34,09/17/2020 16:52:52,Open
2949,6789,Which party will win the 2020 House race in Iowa's 2nd District?,https://www.predictit.org/markets/detail/6789/Which-party-will-win-the-2020-House-race-in-Iowa's-2nd-District,23208,Democratic,0.66,0.35,0.65,0.34,09/17/2020 16:56:57,Open
2950,6789,Which party will win the 2020 House race in Iowa's 2nd District?,https://www.predictit.org/markets/detail/6789/Which-party-will-win-the-2020-House-race-in-Iowa's-2nd-District,23208,Democratic,0.66,0.35,0.65,0.34,09/17/2020 17:01:03,Open
2951,6789,Which party will win the 2020 House race in Iowa's 2nd District?,https://www.predictit.org/markets/detail/6789/Which-party-will-win-the-2020-House-race-in-Iowa's-2nd-District,23208,Democratic,0.66,0.35,0.65,0.34,09/17/2020 17:05:10,Open
2952,6789,Which party will win the 2020 House race in Iowa's 2nd District?,https://www.predictit.org/markets/detail/6789/Which-party-will-win-the-2020-House-race-in-Iowa's-2nd-District,23208,Democratic,0.66,0.35,0.65,0.34,09/17/2020 17:09:14,Open
2953,6789,Which party will win the 2020 House race in Iowa's 2nd District?,https://www.predictit.org/markets/detail/6789/Which-party-will-win-the-2020-House-race-in-Iowa's-2nd-District,23208,Democratic,0.66,0.35,0.65,0.34,09/17/2020 17:13:20,Open
2954,6789,Which party will win the 2020 House race in Iowa's 2nd District?,https://www.predictit.org/markets/detail/6789/Which-party-will-win-the-2020-House-race-in-Iowa's-2nd-District,23208,Democratic,0.66,0.35,0.65,0.34,09/17/2020 17:17:24,Open
2955,6789,Which party will win the 2020 House race in Iowa's 2nd District?,https://www.predictit.org/markets/detail/6789/Which-party-will-win-the-2020-House-race-in-Iowa's-2nd-District,23208,Democratic,0.66,0.35,0.65,0.34,09/17/2020 17:21:32,Open
2956,6789,Which party will win the 2020 House race in Iowa's 2nd District?,https://www.predictit.org/markets/detail/6789/Which-party-will-win-the-2020-House-race-in-Iowa's-2nd-District,23208,Democratic,0.66,0.35,0.65,0.34,09/17/2020 17:25:40,Open
2957,6789,Which party will win the 2020 House race in Iowa's 2nd District?,https://www.predictit.org/markets/detail/6789/Which-party-will-win-the-2020-House-race-in-Iowa's-2nd-District,23208,Democratic,0.66,0.35,0.65,0.34,09/17/2020 17:29:46,Open
2958,6789,Which party will win the 2020 House race in Iowa's 2nd District?,https://www.predictit.org/markets/detail/6789/Which-party-will-win-the-2020-House-race-in-Iowa's-2nd-District,23208,Democratic,0.66,0.35,0.65,0.34,09/17/2020 17:33:54,Open
2959,6789,Which party will win the 2020 House race in Iowa's 2nd District?,https://www.predictit.org/markets/detail/6789/Which-party-will-win-the-2020-House-race-in-Iowa's-2nd-District,23208,Democratic,0.66,0.35,0.65,0.34,09/17/2020 17:38:00,Open
2960,6789,Which party will win the 2020 House race in Iowa's 2nd District?,https://www.predictit.org/markets/detail/6789/Which-party-will-win-the-2020-House-race-in-Iowa's-2nd-District,23208,Democratic,0.66,0.35,0.65,0.34,09/17/2020 17:42:07,Open
2961,6789,Which party will win the 2020 House race in Iowa's 2nd District?,https://www.predictit.org/markets/detail/6789/Which-party-will-win-the-2020-House-race-in-Iowa's-2nd-District,23208,Democratic,0.66,0.35,0.65,0.34,09/17/2020 17:46:14,Open
2962,6789,Which party will win the 2020 House race in Iowa's 2nd District?,https://www.predictit.org/markets/detail/6789/Which-party-will-win-the-2020-House-race-in-Iowa's-2nd-District,23208,Democratic,0.66,0.35,0.65,0.34,09/17/2020 17:50:17,Open
2963,6789,Which party will win the 2020 House race in Iowa's 2nd District?,https://www.predictit.org/markets/detail/6789/Which-party-will-win-the-2020-House-race-in-Iowa's-2nd-District,23208,Democratic,0.66,0.35,0.65,0.34,09/17/2020 17:54:23,Open
2964,6789,Which party will win the 2020 House race in Iowa's 2nd District?,https://www.predictit.org/markets/detail/6789/Which-party-will-win-the-2020-House-race-in-Iowa's-2nd-District,23208,Democratic,0.66,0.35,0.65,0.34,09/17/2020 17:58:31,Open
2965,6789,Which party will win the 2020 House race in Iowa's 2nd District?,https://www.predictit.org/markets/detail/6789/Which-party-will-win-the-2020-House-race-in-Iowa's-2nd-District,23208,Democratic,0.66,0.35,0.65,0.34,09/17/2020 18:02:38,Open
2966,6789,Which party will win the 2020 House race in Iowa's 2nd District?,https://www.predictit.org/markets/detail/6789/Which-party-will-win-the-2020-House-race-in-Iowa's-2nd-District,23208,Democratic,0.66,0.35,0.65,0.34,09/17/2020 18:06:45,Open
2967,6789,Which party will win the 2020 House race in Iowa's 2nd District?,https://www.predictit.org/markets/detail/6789/Which-party-will-win-the-2020-House-race-in-Iowa's-2nd-District,23208,Democratic,0.66,0.35,0.65,0.34,09/17/2020 18:10:51,Open
2968,6789,Which party will win the 2020 House race in Iowa's 2nd District?,https://www.predictit.org/markets/detail/6789/Which-party-will-win-the-2020-House-race-in-Iowa's-2nd-District,23208,Democratic,0.66,0.35,0.65,0.34,09/17/2020 18:15:05,Open
2969,6789,Which party will win the 2020 House race in Iowa's 2nd District?,https://www.predictit.org/markets/detail/6789/Which-party-will-win-the-2020-House-race-in-Iowa's-2nd-District,23208,Democratic,0.66,0.35,0.65,0.34,09/17/2020 18:19:11,Open
2970,6789,Which party will win the 2020 House race in Iowa's 2nd District?,https://www.predictit.org/markets/detail/6789/Which-party-will-win-the-2020-House-race-in-Iowa's-2nd-District,23208,Democratic,0.66,0.35,0.65,0.34,09/17/2020 18:23:17,Open
2971,6789,Which party will win the 2020 House race in Iowa's 2nd District?,https://www.predictit.org/markets/detail/6789/Which-party-will-win-the-2020-House-race-in-Iowa's-2nd-District,23208,Democratic,0.66,0.35,0.65,0.34,09/17/2020 18:27:28,Open
2972,6789,Which party will win the 2020 House race in Iowa's 2nd District?,https://www.predictit.org/markets/detail/6789/Which-party-will-win-the-2020-House-race-in-Iowa's-2nd-District,23208,Democratic,0.66,0.35,0.65,0.34,09/17/2020 23:15:07,Open
2973,6789,Which party will win the 2020 House race in Iowa's 2nd District?,https://www.predictit.org/markets/detail/6789/Which-party-will-win-the-2020-House-race-in-Iowa's-2nd-District,23208,Democratic,0.66,0.35,0.65,0.34,09/17/2020 23:17:57,Open
2974,6789,Which party will win the 2020 House race in Iowa's 2nd District?,https://www.predictit.org/markets/detail/6789/Which-party-will-win-the-2020-House-race-in-Iowa's-2nd-District,23208,Democratic,0.66,0.35,0.65,0.34,09/17/2020 23:22:18,Open
2975,6789,Which party will win the 2020 House race in Iowa's 2nd District?,https://www.predictit.org/markets/detail/6789/Which-party-will-win-the-2020-House-race-in-Iowa's-2nd-District,23208,Democratic,0.66,0.35,0.65,0.34,09/17/2020 23:27:30,Open
